0.4475794017884675
0.48859081097749
0.4067158778404979
0.44507164567954843
0.34440711708348887
0.38086350628343907
0.3084525055226136
0.3442622950819672
0.3001994680851064
0.33543882978723405
0.3089404685149366
0.3420373952288846
0.3204787234042553
0.35206117021276595
0.33775142425299387
0.3704220439483781
0.3806576402321083
0.41431334622823984
0.42819148936170215
0.4642434988179669
0.5079787234042553
0.5471631205673759
0.554916618746406
0.5871190339275446
0.48815083895519806
0.5211901055180764
0.5106382978723404
0.5448384554767534
0.5106382978723404
0.5480609627282329
0.44732430689877495
0.4805931656995487
0.42180550546940737
0.4547421565091958
0.4106499244273921
0.44425066852691547
0.41332403208929197
0.4470410417393327
0.40709219858156026
0.44243498817966903
0.4084625555956245
0.4434427214809472
0.4804964539007092
0.517434988179669
0.5278622087132726
0.566193853427896
0.5947596532702916
0.6312056737588653
0.6493794326241135
0.6815159574468085
0.6845046206748334
0.718676122931442
0.5851973086015639
0.6306601200218221
0.45098039215686275
0.4892226394103741
0.3784869976359338
0.4100472813238771
0.3633907463694698
0.39164696611505123
0.3406372393352387
0.36942944850217
0.32881077191900504
0.35789906465207116
0.3409548004657563
0.3710172541547581
0.3578128574696866
0.38892701898878973
0.3766602192134107
0.4103159252095422
0.4225139580503999
0.45888033801116646
0.513437849944009
0.555244494214259
0.6218256691832532
0.6598032486845116
0.6223404255319149
0.6606826241134752
0.606174384647476
0.6495619524405507
0.4417206290471785
0.48473635522664194
0.3648682877406281
0.3994427558257345
0.3183851609383524
0.350354609929078
0.3051701099804707
0.33549182855380816
0.2985918388323569
0.3297358412992086
0.27183383991894633
0.3050658561296859
0.27257330369429444
0.303165025934159
0.3256079027355623
0.36182877406281666
0.3534751773049646
0.4004255319148936
0.4397163120567376
0.4868157846881251
0.5438114847860901
0.5939144360558224
0.6073961499493414
0.6578014184397163
0.6199954243880119
0.6662091054678564
0.530823786142935
0.5821058374249863
0.41134751773049644
0.4512056737588652
0.36219124480313036
0.39398385913426265
0.35949308219974424
0.3903034530868504
0.3594143216655228
0.38938458018760014
0.3524710120454801
0.38309129798491504
0.3638297872340425
0.3949172576832151
