0.41633421985815605
0.462322695035461
0.3654846335697399
0.4017966903073286
0.34114372923960856
0.37301373552383515
0.33378220666128017
0.36268964898105754
0.33836071460633804
0.36690905826375797
0.34337293911761996
0.3713733075435203
0.35790630306662674
0.3888722405354111
0.40402278804790137
0.4372747354958726
0.46344789961811234
0.5020458265139116
0.58683819891143
0.6288965858485899
0.6623740201567749
0.702314296379246
0.680123658847063
0.7174031642116749
0.6702952333828137
0.7125185551707075
0.5787234042553191
0.6232624113475177
0.4523246650906225
0.48677248677248675
0.37494089834515365
0.4052009456264775
0.3400795710084761
0.369053796920948
0.33136802529266
0.35973681961890114
0.3153037682645476
0.3449542852260104
0.2970939283860924
0.3283169001902785
0.301236588470631
0.33160574649936353
0.32243807174426975
0.35471271456470344
0.3386815486571329
0.37635158702476457
0.3900709219858156
0.43522941091330153
0.4789007092198582
0.5193262411347518
0.5714592735869332
0.6198151730066623
0.5925925925925926
0.6408589440504334
0.46113764654798084
0.5164278477348386
0.3854953099977122
0.42679020819034547
0.33640023001725133
0.36956105041211423
0.30989448192354263
0.340512022141498
0.3204306588054345
0.3487994531316756
0.32423863162286193
0.34926992073425117
0.33544410672070246
0.36127997298210063
0.3464266230223677
0.37452264048008727
0.37804502004316987
0.40672217082947887
0.41465721040189124
0.4472813238770686
0.4789319983312474
0.5168961201501877
0.5656028368794326
0.6036428110896196
0.6173758865248227
0.6592198581560283
0.6593971631205673
0.701063829787234
0.6256552574776442
0.6729879740980574
0.5208411098668657
0.5643896976483763
0.44511485127553724
0.47994072192230336
0.39771575941788706
0.426452979644469
0.37424321051721154
0.40027676872513407
0.37268638643833246
0.3984604739664418
0.3861208366998833
0.4131430110422839
0.3787593141215549
0.4063201364574917
0.4041554290280691
0.4347218060133852
0.42429359450636045
0.4558144770910728
0.46023302938196553
0.4954407294832827
0.5409278959810875
0.5784574468085106
0.6911160880925719
0.729003359462486
0.7250839865621501
0.7622247107129526
0.6969382459782044
0.7417401833592804
0.559588374356835
0.6003337505214852
0.45311268715524033
0.4846335697399527
0.3970646178092987
0.4234633569739953
0.36851800681587915
0.39486045869024594
