0.4431869624264373
0.49041798702278555
0.42525913802509546
0.46890343698854337
0.38158353679804674
0.4153005464480874
0.3614872125510423
0.3939393939393939
0.36416897934011716
0.3935656285332511
0.35648148148148145
0.3868203309692671
0.36327817178881006
0.39312450748620964
0.3759893103093843
0.40744166923630387
0.3951040951727294
0.4279341111873713
0.42836879432624114
0.4634429400386847
0.5097132284921368
0.5501079247610238
0.636189380870232
0.6764423998466551
0.6432815794517922
0.6806593827870423
0.6512714063310846
0.686732399238886
0.5922740304813642
0.6363362003923344
0.5024262784621127
0.5377628468333955
0.4362776703202235
0.46539866752632714
0.3926586160628714
0.4190147594402914
0.3731587561374795
0.39770867430441903
0.36997635933806144
0.3940716493907983
0.3539893617021277
0.37863475177304967
0.363820576586534
0.3901630284609008
0.3934143870314083
0.4216818642350557
0.43342484557309535
0.46419583619309085
0.472681901759916
0.5078802206461781
0.5865570599613152
0.6276595744680851
0.6057075312394461
0.6418439716312057
0.5746189829485439
0.6076656103817716
0.5818384091225143
0.6223056598525936
0.5531914893617021
0.5924612555818229
0.4734886862546437
0.5066981875492513
0.3956501182033097
0.42326241134751774
0.37130801687763715
0.397432444564144
0.3680063041765169
0.3938359162945452
0.34642012833502195
0.3703985140155353
0.3457665703528588
0.37264687855704404
0.3621813302664366
0.39275445658424385
0.3976063829787234
0.42774822695035464
0.41831306990881456
0.45276089159067884
0.4868400315208826
0.5344365642237983
0.5359929078014185
0.5854609929078014
0.5728314238952538
0.6193853427895981
0.5967578520770009
0.6425194191151639
0.47134751773049643
0.5229787234042553
0.3712709670156479
0.4123606889564337
0.3392754456584244
0.3755990032585777
0.32318879612173446
0.35838046503276777
0.33147163120567374
0.36418439716312057
0.3013340087808173
0.3323201621073961
0.30248226950354606
0.3328014184397163
0.32338455476753347
0.3544129235618597
0.3763368231453338
0.4112349431498367
0.4307853953244024
0.4703178355660625
0.5426319936958235
0.5842395587076439
0.6422172452407615
0.6845837999253452
0.7247832939322301
0.7639873916469662
0.6793313069908815
0.7245862884160756
0.5924822695035461
0.6367375886524823
0.45185901568880293
0.4842037395228884
0.3860182370820669
0.41272911485677444
