0.41843971631205673
0.46470786896318805
0.3608156028368794
0.39814814814814814
0.3658232700785892
0.39975081464443163
0.366368047779022
0.39744307577454274
0.3617021276595745
0.391016548463357
0.37918289881130757
0.4116471880930976
0.4092086006979624
0.4432061240571879
0.45376937220908853
0.48936170212765956
0.5602836879432624
0.5995271867612293
0.6566648481542099
0.6928532460447354
0.7128617979681809
0.7490895150469619
0.689922480620155
0.7303315190499753
0.5872618550966485
0.6334306772354332
0.45933067375886527
0.4953457446808511
0.3838185890257559
0.4139604329973871
0.3511065538750748
0.3791335554985901
0.34649235238827647
0.37460480218747333
0.3153554346033317
0.34372422892957283
0.30479364265572934
0.33495684867128084
0.32372153788727137
0.35544979469951477
0.3456628477905073
0.3801418439716312
0.36537487335359675
0.40400202634245186
0.4334487877288471
0.4764967837704107
0.5250197005516154
0.570133963750985
0.5746707193515704
0.6245187436676799
0.5540563916277461
0.6147725307040305
0.4030325262900465
0.44949865492785523
0.35542046605876393
0.3913880445795339
0.31959780949815964
0.34958254780500947
0.3103269330565646
0.3418093755405639
0.3165854908997693
0.34572331880714346
0.3322695035460993
0.3625
0.35167848699763593
0.3819385342789598
0.3877421403620197
0.4188631311527469
0.44220480278710966
0.4771680975488366
0.5397779833487512
0.5746222633364169
0.5657640232108316
0.6079948420373953
0.6561242093156987
0.7009775733179988
0.5927267240078468
0.6295457974950959
0.5286798556675376
0.5696155281821574
0.4761746453900709
0.5127437943262412
0.42485184105702906
0.453997862625085
0.3853723404255319
0.41276595744680855
0.38078977322476143
0.4084581034935645
0.3706741861061266
0.3968213278646501
0.36818142019087646
0.3948866123807022
0.390354609929078
0.4193853427895981
0.4285239361702128
0.4597739361702128
0.46834300451321725
0.5010960670535138
0.5509850275807722
0.5843971631205674
0.635206401163848
0.6683033278777959
0.6994441249760399
0.7381636956105041
0.7140070921985815
0.7542553191489362
0.5551383674036992
0.5972743707412043
0.44902482269503546
0.4806072695035461
0.39803750121441756
0.42475468765180224
0.3720180528691167
0.3964262687666943
0.37010078387458006
0.3938969764837626
0.36300858529301977
0.3895110115714819
0.3595647527445837
0.38628193918196835
