0.3998748435544431
0.4316854401335002
0.44861161197259286
0.48383219136915495
0.5442885166742116
0.587143503847895
0.6662833045811769
0.7122867548399463
0.7021276595744681
0.7406281661600811
0.696386355960824
0.7331982438365418
0.5653127014829142
0.6055448098001289
0.45266728337958684
0.4899784150477952
0.4111656664848154
0.4443535188216039
0.4086542777628153
0.4396265373911482
0.3981262586463532
0.42982225724542505
0.40398599515216804
0.43594577610198404
0.41316848763657277
0.4470960322024152
0.46155578070471687
0.49645390070921985
0.5042151746286632
0.54262009902315
0.6341463414634146
0.6801591420169522
0.6966115051221434
0.7358156028368794
0.7615487828253785
0.7991182672033736
0.6257387706855793
0.6719858156028369
0.47805851063829785
0.5150709219858156
0.4017357222844345
0.4330907054871221
0.3758010766470136
0.40468256002734343
0.3620282057552784
0.39015244150974154
0.3641199226305609
0.3921663442940039
0.37836452191745706
0.40801503887891993
0.39624205581652394
0.4285714285714286
0.43466580700623253
0.4667956157317859
0.4799484203739523
0.5166989039329465
0.5849375211077339
0.6290104694360014
0.637531148169446
0.6810427448725321
0.6846699399890889
0.7261320240043645
0.5158570855078282
0.5638966947678309
0.3970632304465088
0.43532114673858757
0.3405943937858832
0.3742823370482945
0.31092843326885883
0.3453417150225661
0.31759021120723246
0.3514145429039046
0.3229678123295145
0.35601278154469645
0.3302355914241461
0.36545202576016955
0.37224710712952597
0.4077081000373274
0.41745771958537914
0.45477359519912713
0.463571889103804
0.5061250805931656
0.607619990103909
0.6554510968167574
0.704630788485607
0.7563621193158114
0.7220624880199348
0.7690243434924287
0.6367560900400864
0.6913351834720938
0.48778565799842394
0.526623888326016
0.41806644270250093
0.4511944755505786
0.3836623088097069
0.41519268563616163
0.3701801581478764
0.40091301866797097
0.35763805880946686
0.38728185512789864
0.3455255398836561
0.3779584030600048
0.34988179669030733
0.383823032759203
0.3851160983192461
0.4203827844165938
0.44355307522381116
0.47947913033368217
0.5274279924735852
0.5767839050513822
