0.6152027641389343
0.668485179123477
0.731306990881459
0.7831813576494427
0.6220180528691167
0.685364281108962
0.49396540997884786
0.5393803658081374
0.40425531914893614
0.4393167515732694
0.3638910778390684
0.39339812625864634
0.35263071086920666
0.38042223321787894
0.35348162475822054
0.3782237266279819
0.3445357833655706
0.3709703417150226
0.35394242803504383
0.3808093450146016
0.3750785528323907
0.4058712631295448
0.4093658740091781
0.4458698372966208
0.47138664710198097
0.5069699192956713
0.5690718470551958
0.6133209990749307
0.6973356335058463
0.7456392562775541
0.6318504190844616
0.6727917472598324
0.5771958537915984
0.6239770867430442
0.49761655621439366
0.5442390419718638
0.41000575043128235
0.4497795668008434
0.3648542159180457
0.4017161369407232
0.3680252926600017
0.4015209775271298
0.35148598446470786
0.38652482269503546
0.33948560198239763
0.37298128684952575
0.345363138522309
0.3786695394559655
0.37416413373860186
0.4115501519756839
0.4040149056376968
0.4438033417478062
0.4573713595895578
0.5041496906594236
0.5693762502273141
0.6195671940352792
0.692806484295846
0.7410334346504559
0.6118203309692671
0.6672970843183609
0.5482914248871696
0.5980657640232109
0.44166923630383387
0.48124164867920644
0.3967198581560284
0.4304078014184397
0.38492063492063494
0.4152313407632557
0.37971794244721613
0.41004320534768074
0.37209302325581395
0.4020286986640277
0.38899362599874315
0.42032498428943355
0.3913002364066194
0.4226950354609929
0.4238432961837217
0.4584036924462456
0.4884423430522721
0.5265300761754663
0.6553191489361703
0.6982269503546099
0.72123719464145
0.7649724192277384
0.7266775777414076
0.773231496635752
0.5397951142631994
0.5861570790648805
0.4434211919127765
0.47835291626971527
0.3830708298793405
0.4145712443584784
0.36351842241826676
0.39015741221242
0.3634532878031696
0.39138429209351194
0.3699468085106383
0.3968085106382979
0.3627932351336607
0.3917985088197854
0.3851160983192461
0.41523365393957057
0.42010195035460995
0.4536790780141844
0.4736299161831077
0.510896196002579
0.5385445575084798
0.5787850755473327
0.6104889884285181
0.6524822695035462
0.6356143377419974
0.6751006325474411
0.5782405311604044
0.6186811528595141
0.4984802431610943
0.5401469098277609
0.43306737588652483
0.47085549645390073
0.3838777344920587
0.41614224353211465
