0.36879432624113473
0.39745862884160754
0.3920238462329119
0.422962277726385
0.4321590512731078
0.46564352982211377
0.48146661314063965
0.5197377224675498
0.5879770347855454
0.6404930766632895
0.5749628896585849
0.6257628236846446
0.7113869188337274
0.749605988967691
0.6499493414387031
0.6876055386693685
0.6338652482269503
0.6777482269503546
0.5179669030732861
0.5609929078014184
0.456299541093033
0.4949937421777222
0.456299541093033
0.4949937421777222
0.41976359338061464
0.4549408983451536
0.4228483802951888
0.4562008817327966
0.399856360535057
0.4320854654816411
0.39698357123619715
0.42885357752042375
0.4038770685579196
0.4357446808510638
0.4038770685579196
0.4357446808510638
0.4262619941593659
0.4596370463078849
0.4541411227310975
0.49032335617261696
0.5046586010290641
0.5458211653455708
0.6198919284025667
0.6651469098277609
0.6624840880160029
0.6984906346608475
0.6612111292962356
0.6973995271867612
0.6903649887562705
0.7266908839301159
0.6984203739522888
0.743391360412637
0.5453527435610303
0.5869105387582431
0.45770377222736147
0.4926508377017165
0.3970710140922907
0.4286635350465138
0.3970710140922907
0.4286635350465138
0.3947392045964629
0.42508304156567017
0.38891843971631207
0.4179078014184397
0.3795212765957447
0.40824468085106386
0.39933806146572104
0.4293144208037825
0.41418439716312055
0.44549138804457955
0.45715614463434484
0.4912219509359377
0.45727241018486225
0.4916870131380072
0.5175914337366152
0.558475872618551
0.6171942570489535
0.6595744680851063
0.6946414499605988
0.7342395587076438
0.6918626353116835
0.7387084733109369
0.6434558349451966
0.6990651192778852
0.6445841392649904
0.7005157962604771
0.49680851063829784
0.5418439716312057
0.4159810874704492
0.44983451536643027
0.376751427088739
0.4096177131984086
0.37041784157908225
0.401179184824404
0.3580715974332996
0.3897331982438365
0.35857818304626815
0.3904930766632894
0.3489015741221242
0.3838436256702993
0.36412604363048745
0.39806086722326955
0.37488762361402456
0.4112476276096294
0.41053365887687476
0.4514591326589931
0.48240856626338474
0.5289945765540259
0.4803226255041023
0.5264914476428869
0.5986153326578858
0.6540020263424519
0.6956433637284701
0.7552178318135765
0.6486766995329528
0.7029925618405121
0.615863366623245
0.670285135330728
0.5182033096926714
0.5644208037825059
