0.6587864460204885
0.7072498029944839
0.6585106382978723
0.7053191489361702
0.5686785352438848
0.6184686640613692
0.45266238883260157
0.4921760666441517
0.40303951367781155
0.4409321175278622
0.3876749089515047
0.4216024535173471
0.3872340425531915
0.41900709219858157
0.3982318080248713
0.43029243174973286
0.4043566362715299
0.43738601823708206
0.42730496453900707
0.4617686170212766
0.47543997898607826
0.5143157341738902
0.5296985815602837
0.569887706855792
0.635388252409529
0.6779414438988908
0.7377972465581978
0.7809762202753442
0.6769503546099291
0.7303191489361702
0.4944838455476754
0.5415024954032046
0.4030037546933667
0.4397163120567376
0.3500886524822695
0.38351063829787235
0.34192740926157694
0.37238214434710054
0.336587400917814
0.3676261994159366
0.32542593951251325
0.3549360071737181
0.3272423863162286
0.36011681268251977
0.3485309017223911
0.38187344570323295
0.3961960025789813
0.4307973350526542
0.4231256332320162
0.46415906788247213
0.48334875115633674
0.5322232500770891
0.5442807783233314
0.5941080196399345
0.6750104297037964
0.7269503546099291
0.6422985997454083
0.6959447172213129
0.46884498480243164
0.5126646403242149
0.3830786135251224
0.416841474378184
0.3473381811652752
0.3791184127839124
0.33731188375713544
0.3668915412558381
0.3442706998205588
0.37298128684952575
0.34059642826625647
0.3674271554302315
0.3520390070921986
0.37978723404255316
0.36364519576411153
0.39405421160011656
0.3925088652482269
0.4261968085106383
0.4596547571256524
0.49886257192559885
0.5631543397500843
0.5989530563998648
0.5966312056737588
0.6386524822695036
0.6165264720435428
0.6559459013689592
0.5759977749965235
0.620497844527882
0.5111191248948191
0.5517490082942662
0.429866036249015
0.4629629629629629
0.4039753639417693
0.43598357596117954
0.3842198581560283
0.4153368794326241
0.39061647572285874
0.42080378250591016
0.3827991740730766
0.4142203070293563
0.3942879049262028
0.42716120375694844
0.43495124113475175
0.46852836879432624
0.5038137294259334
0.5422186538204201
0.6057382333978079
0.6471631205673759
0.6649869354236655
0.70996640537514
0.7468479117415288
0.793144208037825
0.6420051579626047
0.6924564796905223
0.5026595744680851
0.5464792299898683
0.41823112223612846
0.45379641218189404
0.37420679357969394
0.4031354983202688
0.36008618367896583
0.3876470060149026
