0.3817966903073286
0.42745271867612294
0.37799909461294706
0.42704089331522554
0.36129296235679215
0.40493726132024005
0.4123606889564337
0.4533941236068896
0.41783868253395845
0.46171414833513647
0.41626630061770764
0.4566460764127202
0.4219858156028369
0.45667109929078015
0.382379382679053
0.41614224353211465
0.3809660724554342
0.4096223883457926
0.37119033927544565
0.39907993099482464
0.3520222350009584
0.3788575809852406
0.3777133032452181
0.4055448098001289
0.39455020530048523
0.4295135000622123
0.4671394799054373
0.5101654846335698
0.5769599386620663
0.6229633889208357
0.5610504121142419
0.6016867931761549
0.6382978723404256
0.6775924861031245
0.5970955758189801
0.6371158392434988
0.4588007736943907
0.4987749838813669
0.40226063829787234
0.43550531914893614
0.35805752561071713
0.38800236406619387
0.33046054403447345
0.3579315917048209
0.33087834151663936
0.3576104746317512
0.3153839418614832
0.3402504159005341
0.32578060237634704
0.3509256700746063
0.33648542159180456
0.363672182821119
0.3714961161769672
0.40425531914893614
0.439290780141844
0.4784397163120567
0.5290052736861247
0.5768321513002364
0.5405001866368048
0.5856662933930571
0.5423057892132607
0.578426521523998
0.5104905437352246
0.5545212765957447
0.42264695275874503
0.4672436590936411
0.3612787128188843
0.39525775378427014
0.3319542947202522
0.36327817178881006
0.3062709966405375
0.33846584546472563
0.2942353155119113
0.32251318421531183
0.2781414802691398
0.30760138206946713
0.27257044278320874
0.30218516388729155
0.3008811519449817
0.33161401246507627
0.33482040722946693
0.37211164493250976
0.3880445795339412
0.4339267621942394
0.4796099290780142
0.526950354609929
0.527889591719379
0.5769599386620663
0.5510473363021606
0.5926109186871186
0.4770867430441899
0.5256410256410257
0.4399488431577724
0.48273456574816886
0.40175219023779724
0.4373174801835628
0.37087470449172577
0.40349881796690307
0.34480343227388144
0.3731722266001226
0.35425969704929516
0.3812275632606602
0.3471586318340964
0.3747194541700332
0.35276401437870397
0.38278441659380164
0.37180313776058455
0.40404040404040403
0.40881458966565354
0.4436423505572442
0.4657210401891253
0.507171000788022
0.5352743561030235
0.5772676371780515
0.6077001013171226
0.6496453900709219
0.5439551377206003
0.5810654791357414
0.46432189897235493
0.5094803878998407
