0.5894630192502532
0.6303951367781155
0.5085894405043341
0.5591804570527975
0.45470359962531776
0.4992640171283286
0.4047128803477465
0.44394875314573323
0.3694022289766971
0.40314083080040525
0.346193853427896
0.3755082742316785
0.3158623075592458
0.34250129735339907
0.31070584262073625
0.3378081729145559
0.33028099470329475
0.3587395636951252
0.35560883028668466
0.3848766357007292
0.35609188102042977
0.38657774955012175
0.39252095422308186
0.42772404900064476
0.48866978031482444
0.5329527763362739
0.590738423028786
0.6414267834793491
0.5811965811965811
0.6252045826513912
0.5356221792392005
0.5902643455834946
0.42223910840932116
0.4699848024316109
0.35536213195787664
0.39490651192778853
0.3176713947990544
0.35165484633569744
0.3019783501306458
0.3351997013811124
0.2822331332969631
0.31560283687943264
0.2934863755132512
0.3247480403135498
0.304465088402757
0.3373289381680152
0.31925639372447884
0.35471738663228025
0.36208206686930094
0.4008358662613982
0.45522018802572983
0.49546429160481614
0.4731015395260335
0.5204981837052413
0.5526164462334675
0.5980448533640023
0.5569739952718676
0.5922773837667454
0.4664087685364281
0.5119277885235333
0.38615433470943156
0.42203874245792317
0.3490511788384129
0.3813494345409239
0.32942353155119114
0.35779232587743226
0.3131675638725113
0.3409382209689823
0.30029406677045495
0.3269330565646082
0.2953158502391555
0.32088075210291933
0.302512914806059
0.32991857105332284
0.31483611270845313
0.3441633122484186
0.35856295779560515
0.3915823741425416
0.41974236503111884
0.4567954841511073
0.4939716312056738
0.5320921985815603
0.6125886524822695
0.6671099290780141
0.6597714736012608
0.6983845547675336
0.5711693880917038
0.6132277750288636
0.4533654489495517
0.4902984076006959
0.3906428734843285
0.42358727979867306
0.3510124370438894
0.3824647959708089
0.3479117415287628
0.375886524822695
0.34165484633569737
0.3681323877068558
0.3532114673858755
0.38128059134951553
0.3622160550930209
0.38873471065885495
0.359267492325606
0.38858897004340004
0.3890070921985816
0.41843971631205673
0.40476190476190477
0.4430091185410334
0.42620099023150004
0.46621169543690616
0.44799054373522457
0.48847517730496454
0.41662894220612645
0.45752225743171876
0.3908738123912753
0.42860966144787904
0.3908738123912753
0.42860966144787904
0.3491725768321513
0.38652482269503546
