0.395357833655706
0.4299161831076725
0.4978723404255319
0.5451536643026004
0.49850275807722616
0.5416863672182821
0.45063829787234044
0.4858156028368794
0.45364741641337386
0.4867021276595745
0.48070681572304363
0.517610289698281
0.44858156028368795
0.48459663120567376
0.4480087288597927
0.48139661756683033
0.4264705882352941
0.45786399666249483
0.39844365642237983
0.4288810086682427
0.3997862625085009
0.4300981249392791
0.39302600472813237
0.42109929078014185
0.3992801947708267
0.42934264845982856
0.3912148249828415
0.42450240219629376
0.4575163398692811
0.49367264636350994
0.5045132172791748
0.5472275950999355
0.6433637284701114
0.6814589665653495
0.6060097051138484
0.6409107876073161
0.6120732310737259
0.6521523998020782
0.5531914893617021
0.594710401891253
0.4623151821132348
0.5010217574227672
0.4085953212660104
0.44268021594156876
0.37923561859732074
0.4092789598108747
0.3548862485032698
0.38251819102882934
0.3553564762971258
0.3819522209779769
0.32956833902460375
0.35697399527186763
0.35230975656507574
0.3821161587119034
0.3611806424697539
0.39392991239048814
0.3899527186761229
0.42423167848699767
0.4419858156028369
0.4802836879432624
0.49822695035460995
0.5417472598323663
0.5412558380902958
0.5810413423283168
0.5141843971631206
0.5528691166989039
0.540666968462351
0.5845782405311604
0.442682140554481
0.4879432624113475
0.39495407510754565
0.43576328333914666
0.3366224689073903
0.37074725048823104
0.30534278959810873
0.33787234042553194
0.30972505586320803
0.3399397648887594
0.2911485677443124
0.3216358109975131
0.29428018789720917
0.32716219950262504
0.31788594190226366
0.348780724764403
0.3423895253682488
0.3770867430441899
0.4151107251411203
0.4540454479664206
0.48138297872340424
0.5242907801418439
0.5278088839119074
0.5765210899589399
0.5884608012267586
0.6312056737588653
0.5918762088974855
0.6252417794970986
0.516366612111293
0.5586470267321332
0.4685742235265346
0.5096600635852286
0.4178941625750136
0.4534642662302237
0.39146938367795425
0.4217360903006693
0.3552464084378978
0.3843426077468631
0.3672813238770686
0.39659574468085107
0.3542366554684584
0.38353863381858905
0.35860553391269606
0.3874737788432724
0.36595744680851067
0.3971631205673759
0.39652988855116517
0.43211752786220875
0.44295405488744993
0.4835029293863707
0.5115475541007456
0.5553737043098745
