0.3971631205673759
0.4417206290471785
0.4507870610621
0.496280920256011
0.5191489361702127
0.5653495440729482
0.6140471288034774
0.6575154426904598
0.6398022781001504
0.6774124220932731
0.6009200690051754
0.6538240368027602
0.4469503546099291
0.4872340425531915
0.3757663180670754
0.4094242096405818
0.33693235947919975
0.3679474965597544
0.33734196731421523
0.36416897934011716
0.32953750874038557
0.356407951253621
0.3216115051221434
0.3486997635933806
0.3421191912776543
0.37112310786493063
0.3767279721120327
0.40738069479504746
0.4142678347934919
0.44917257683215134
0.5017275868339698
0.5453718857974177
0.5847840103159252
0.6331399097356544
0.611003653556845
0.6561358263485924
0.6236962870254484
0.6662494785148102
0.49155690645052347
0.5398514015535292
0.3696808510638298
0.40602836879432624
0.32679521276595747
0.358488475177305
0.31173436492585427
0.34321942832581126
0.3076108817614058
0.34180163014713666
0.31141199226305605
0.3452611218568665
0.31352020713722845
0.3497692221096476
0.3240490006447453
0.36363636363636365
0.3491776067602233
0.39218349177606765
0.43407892344062554
0.48117839607201307
0.544955387783116
0.5971173644474949
0.5881949210706933
0.633493479752917
0.5367069196856431
0.5917193789534215
0.44092349479402443
0.48619284744228164
0.36037985334775813
0.3940377449212646
0.3422267252054486
0.37138354159630754
0.33500208594075925
0.3638923654568211
0.32725430597771027
0.3565349544072948
0.3212466287084207
0.3497153131555289
0.3386797599563557
0.36770321876704853
0.3588897040841282
0.3904377598434825
0.3951367781155015
0.43088724851642785
0.47535915621022
0.5099108928896163
0.56072695035461
0.6035017730496454
0.6983282674772036
0.739614994934144
0.6168186423505573
0.6749746707193516
0.47381922438509133
0.5198430662441527
0.3822450476889215
0.41672780630961115
0.336127229744251
0.3640661938534279
0.3248021379381231
0.3529653612909857
0.32066869300911854
0.3485309017223911
0.3397708674304419
0.36879432624113473
0.3449285151412811
0.37757514353259036
0.3859994746519569
0.41962174940898345
0.4241443108233117
0.46253469010175763
0.5096798926586161
0.5462909718228868
0.6774363015497767
0.7171000788022065
0.6879432624113475
0.7292736610418196
0.6087789917577152
0.6532489936745256
0.4955082742316784
0.5393223010244287
0.4307507025291048
0.4648735447611401
