0.3955264593562466
0.443126022913257
0.36651039788436107
0.4072604880394278
0.35738031914893614
0.389738475177305
0.33443212466287087
0.364998501648187
0.33687943262411346
0.36524822695035464
0.3250886524822695
0.3525709219858156
0.34961542303466187
0.3774847667565678
0.3922443376801647
0.4225577671013498
0.3984853948791922
0.429498737829066
0.4645390070921986
0.49615839243498816
0.5282823040996367
0.5684137692440754
0.5892123926838373
0.6321388577827548
0.5808510638297872
0.6180851063829788
0.6092693386112487
0.65264720435428
0.5092744135297327
0.5529187124931806
0.43006627136379494
0.47215440065108705
0.37906213612787126
0.41621678839843335
0.3558086105284187
0.39077015283188493
0.3241226858248135
0.3556231003039514
0.3094532722865607
0.3384504892719275
0.3016101207590569
0.3319915660341192
0.309622102254684
0.3454006562930031
0.3389830508474576
0.3770885923788917
0.344458350716173
0.38534278959810875
0.43297007438159485
0.48002075765438507
0.42029719689294154
0.4667342114150625
0.4408446163765313
0.4816247582205029
0.44680851063829785
0.48507961996520804
0.39425648180444134
0.434368096732938
0.36639549436796
0.4019607843137255
0.34243818286371475
0.37569484377995016
0.32372744411527066
0.35182691444474373
0.31845701435737767
0.34673931845701433
0.30807818716485036
0.33679294239750907
0.3203620754012691
0.3497573721537887
0.3375886524822695
0.36757852077001013
0.38133232016210744
0.4155268490374873
0.4204013882601479
0.45691866606307524
0.4922713220585561
0.5346426623022368
0.6234485815602837
0.6640070921985816
0.61150512214342
0.6538613081166272
0.5437902028698665
0.5914563747319809
0.48675640468953535
0.5282964249529599
0.4026926313258805
0.43851424450054094
0.33090449820266205
0.36063344020207905
0.3215752146323255
0.3491041433370661
0.3393267405853561
0.3668964139446609
0.3353735548430972
0.36286796852229675
0.34508611955420465
0.3747720364741641
0.37599909940335474
0.40560621411685244
0.4094478216818642
0.44275582573454914
0.4605673758865248
0.4906382978723405
0.4942375886524823
0.5335401891252955
0.48166591217745586
0.5183340878225441
0.4596290234588107
0.4916803055100928
0.45329967544175986
0.4846736386584926
0.40457769181173436
0.43767461852568235
0.36977935382190696
0.40218676122931446
0.3168147948648891
0.34976209713618817
0.30163733473426146
0.33245775326153576
