0.6402982360429169
0.6786688488816148
0.6088498304039469
0.6440024668516805
0.6182978723404255
0.6570212765957447
0.5569908814589666
0.5954913880445795
0.45682102628285354
0.49269920734251144
0.42246501820969906
0.45409239026260306
0.40379478677351016
0.43280832642534767
0.3975363941769317
0.425625233296006
0.41843971631205673
0.4513310720526262
0.44623655913978494
0.4805536490505606
0.4788547412660888
0.5186498555292882
0.5820550882401452
0.6282368464456539
0.6993695823483058
0.7381796690307328
0.715565509518477
0.7513997760358343
0.7492271322058556
0.7963266048372432
0.5317835566062517
0.5767008142894667
0.39956195244055065
0.43648310387984984
0.322508398656215
0.35442329227323627
0.2933193240521846
0.32667892478767185
0.2625843279709393
0.29285590728247707
0.24903492234491426
0.2755184486937786
0.27649724192277386
0.3069345941686367
0.3123944613306316
0.3469548575931554
0.3651813194165663
0.4058610999598555
0.46034816247582205
0.5067698259187621
0.5586039567002612
0.604889884285181
0.6888029228454761
0.7371588222652052
0.5874416190970421
0.6417574814046012
0.4757125652348454
0.524822695035461
0.36678310574785644
0.40732507674393986
0.34097108565193673
0.3744317148572468
0.34423110188548695
0.3755405639162775
0.3473447500432451
0.3764054661823214
0.35579196217494086
0.38752500454628114
0.3840932117527862
0.4160081053698075
0.42805625676163
0.4671234523380213
0.5024113475177305
0.5446808510638298
0.6718420548207782
0.7209124017634656
0.7348769294952023
0.7730496453900709
0.7540126913027249
0.7892870474057484
0.664353993216158
0.7113783533765032
0.5182033096926714
0.5563829787234043
0.45795339412360686
0.49037487335359675
0.41698490634660845
0.44680851063829785
0.4032801418439716
0.4323581560283688
0.39725289523296525
0.4277762815333513
0.4162353843204907
0.4470001916810427
0.4535682624113475
0.4862588652482269
0.4869976359338062
0.5235093249277646
0.5894771565231733
0.6297212601022596
0.6488403296913935
0.6946520989074181
0.6907013396375098
0.7285263987391647
0.6950354609929078
0.7404255319148937
0.5718627876682588
0.6191923577941815
0.4533378363165597
0.4916131937408533
0.39055668901194984
0.4230059263577189
0.3577520423736421
0.3858515127031152
0.3441960678696472
0.3735523835173714
0.34210526315789475
0.3731802911534155
0.33712915792628106
0.3753870742183598
