0.4185735313796333
0.46688077077478923
0.3370943477326456
0.375886524822695
0.3032394096223884
0.33735863523097565
0.30298949636412603
0.335667474638657
0.3188796121734446
0.34895412514588386
0.335946248600224
0.3685143710339679
0.39428512694007606
0.4271764826806455
0.4364608766422509
0.47192186955005233
0.4909983633387888
0.5324604473540644
0.5896903649887563
0.6301677910396125
0.6903748733535967
0.7315096251266464
0.6987681970884658
0.7396416573348263
0.6789168278529981
0.7274339136041263
0.5176122931442081
0.556146572104019
0.44201378483667964
0.4741784037558686
0.40508427742470293
0.4345583494519665
0.39852700490998366
0.42725950172758687
0.3998693542366554
0.429451287793953
0.41823708206686927
0.45065856129685916
0.45437352245862883
0.49042553191489363
0.4894980905619204
0.532051282051282
0.6234380276933468
0.6597433299560959
0.6471631205673759
0.6898936170212766
0.7195706344642514
0.7575234809277362
0.6268886833179156
0.6779216774591428
0.5349356448647229
0.5836616758602574
0.42392005157962603
0.46131528046421666
0.38042553191489364
0.41134751773049644
0.346220377097388
0.37407023006400275
0.34307442536101856
0.37503204306588056
0.3462765957446809
0.3778368794326241
0.37435307648073607
0.4087598236534407
0.3884086879432624
0.428302304964539
0.4034816247582205
0.44590586718246294
0.45330969267139476
0.49940898345153667
0.5462765957446809
0.5934397163120567
0.5558510638297872
0.6054964539007093
0.5049337033610855
0.557200123342584
0.3682033096926714
0.41205673758865247
0.29602642572622173
0.3292528903138055
0.2580868361875108
0.288877356858675
0.23070504797663746
0.2589904046725073
0.2212934819317798
0.24805808848362038
0.2524463596373103
0.28386749259359007
0.30386574767755464
0.33882728998102085
0.37485701212537176
0.41134751773049644
0.46303873431533005
0.49822695035460995
0.534909377462569
0.5739952718676123
0.5936689154125584
0.6393357550596782
0.5454956994114984
0.5851818318998039
0.528046421663443
0.5631205673758866
0.4801767236367864
0.5191256830601093
0.433240826395313
0.4670572515160859
0.3937551809892235
0.42341346596665747
0.3832480474010235
0.41251458838315824
0.37021276595744684
0.4000886524822695
0.36982082866741317
0.40145576707726766
0.39592969472710454
0.4307739747147703
0.3994146121805696
0.434537881346392
0.466721222040371
0.503682487725041
