0.5964266230223677
0.6340698308783416
0.5343604793348007
0.5737344093910491
0.46928532460447353
0.5052918712493181
0.4207713980375012
0.454677936461673
0.41238770685579196
0.44406619385342794
0.40038684719535783
0.42949249332228057
0.4032702915681639
0.4362687155240347
0.43074024822695034
0.46320921985815605
0.46499032882011604
0.500709219858156
0.5572892040977148
0.6001576044129235
0.7007486209613869
0.7411347517730497
0.6932169485360974
0.7283142389525369
0.7147552326587095
0.7550596782563571
0.5858712279237936
0.6316228619107218
0.45782869612656846
0.4928532460447354
0.369807497467072
0.403702680298425
0.33350422968469623
0.36375288387592924
0.2968710888610763
0.3271589486858573
0.26300236406619387
0.292806484295846
0.24194272376335396
0.2667205314660203
0.27248432521327987
0.30116147599958887
0.3198581560283688
0.356855791962175
0.37270227239832104
0.41597915762049503
0.5232892466935021
0.5706344642514855
0.632495164410058
0.6840747904577692
0.6498693542366555
0.7038073908174692
0.5017021276595744
0.5556028368794327
0.3732000859660434
0.41091768751343216
0.3461361333701759
0.37947867735101776
0.33692321162770333
0.3667804920760004
0.34492302369832206
0.37242691575851933
0.3584702396983571
0.38630038603106204
0.3815802617121167
0.4136449905104385
0.417524593914436
0.45081217112788835
0.4740861974904528
0.512684124386252
0.6004151530877011
0.6472928559072825
0.6731678486997636
0.720843183609141
0.7511820330969268
0.7870370370370371
0.6803782505910165
0.7267139479905438
0.5521960930695533
0.5910165484633569
0.4552369205468188
0.4892589166409703
0.41424038820455394
0.44279581933557294
0.397432444564144
0.426968309543047
0.40243680669212584
0.43126022913256956
0.40214682767874255
0.43300747556066704
0.4370976541189307
0.4714675395526459
0.46023302938196553
0.49569402228976694
0.5326693828278255
0.573411800211257
0.599290780141844
0.6446808510638298
0.649798734905118
0.6921602453517347
0.6528368794326241
0.7000000000000001
0.6043786617329633
0.6540240518038853
0.459692671394799
0.49846335697399524
0.37726556343577616
0.4082939322301024
0.34437561720082593
0.3737319328485501
0.337854609929078
0.3674645390070922
0.32524095290052735
0.3546099290780142
0.33411056057514815
0.3681142524045468
0.3491295938104449
0.3900709219858156
0.3631952220977977
0.40836132885405
