0.4581258488003622
0.5021880187113325
0.5763848955338318
0.6139543799118267
0.6211931581143096
0.666875260742595
0.6720337358635231
0.7182288671650374
0.56072695035461
0.6136229314420804
0.46282315259665985
0.5018302447952414
0.41174152876280534
0.4424743892828999
0.39621749408983453
0.4254373522458629
0.3780970802247398
0.4071106198765773
0.3926940639269406
0.42329738657339944
0.421822149481724
0.45411893071467546
0.45551822819460003
0.49309443822321763
0.5222574317187264
0.5652633167345708
0.6239316239316239
0.6652118567012184
0.6509488211615871
0.6952271420356527
0.6722657708100037
0.7163120567375887
0.6075112830431979
0.660541586073501
0.45354008895299913
0.49465079937492484
0.3852761961841974
0.4179402657077215
0.3546099290780142
0.3827968721585743
0.3421099290780142
0.37065602836879435
0.3436079287143117
0.3727950536461175
0.35707249802994484
0.3875098502758077
0.39681994966826817
0.4305650880805308
0.44189852700491
0.48158756137479547
0.5141019297377536
0.5507174666006927
0.6053287329883075
0.643473260494537
0.6743846474760117
0.7236128493950772
0.5983836384628072
0.6495134421903348
0.4656350741457125
0.5110251450676982
0.35789906465207116
0.3987049028677151
0.31051100200036374
0.3441534824513548
0.30790520671164157
0.33860923715620134
0.2812662169174883
0.3102404428299602
0.3103821907013396
0.34249408983451535
0.30559966126812743
0.3395787022335133
0.3178038640254341
0.35583272193690385
0.33599290780141844
0.3783983451536643
0.3311268715524035
0.3713159968479117
0.3894630192502533
0.4259371833839919
0.38886005881335406
0.42414807126794674
0.405531914893617
0.454468085106383
0.36626998437312175
0.4094242096405818
0.3531914893617021
0.3867274569402229
0.3483687943262411
0.37806146572104016
0.35377006345651363
0.38176558417319895
0.35638297872340424
0.3848450914520343
0.3711246200607903
0.4037487335359676
0.40483664690152305
0.4393675154051854
0.44462629569012546
0.48117839607201307
0.5130023640661938
0.5462568951930654
0.5730842414807127
0.6092371562013492
0.6044487427466151
0.6455512572533849
0.5510638297872341
0.5940425531914894
0.469578200821202
0.5130023640661938
0.37198067632850246
0.40805838215643947
