0.4573245292247493
0.4932746392761066
0.5728920409771473
0.6116627265563436
0.6657334826427771
0.7038073908174692
0.7112202218585197
0.7483178759774505
0.6315011820330969
0.6722813238770686
0.4768395390070922
0.5079787234042553
0.40416200074654723
0.4312243374393431
0.3747482707293582
0.40075299886174587
0.37063304439190964
0.39619998248839855
0.35173927727119214
0.375886524822695
0.3441852516448774
0.36896522259249764
0.34963617942341346
0.37653127014829146
0.3834085536213196
0.41693531055233185
0.4250161186331399
0.46537717601547396
0.5580884836203985
0.6058763931104357
0.6290386130811663
0.6745468873128447
0.6769316909294513
0.7230309817095931
0.5302461410095953
0.5794743429286608
0.38382555308563565
0.42140362019688793
0.33297872340425533
0.36569148936170215
0.3160976414316345
0.3449612403100775
0.3207607994842037
0.34582527401676333
0.32765957446808514
0.35106382978723405
0.3342001576044129
0.3582348305752561
0.3500259470679813
0.37502162255665106
0.38482886216466233
0.416692363038339
0.45402735562310026
0.4874620060790274
0.5428615479494295
0.5804810360777057
0.6629339305711086
0.7045539380365807
0.7429557216791259
0.7730496453900709
0.6821705426356589
0.7220847765132773
0.4945626477541371
0.5282505910165485
0.393233659191106
0.41930228100440864
0.3565127140633108
0.38021103615291474
0.3515704154002026
0.37521107733873693
0.34067293419099454
0.3640112155698499
0.3513628984021191
0.3758010766470136
0.37293911761996873
0.3996499953946762
0.4174725983236622
0.4483129163980228
0.4837142106645653
0.5170738114000525
0.5276300236406619
0.5627955082742317
0.6023302938196555
0.6388044579533941
0.5954223081882656
0.6320116054158607
0.5694217130387342
0.6058374249863612
0.5040189125295508
0.5384160756501183
0.41027883027300105
0.4389390848149228
0.3818116527515935
0.4080258551036897
0.3724290780141844
0.3973404255319149
0.3542639681715966
0.379173153433662
0.34681726643901584
0.37299711058576307
0.3751970055161545
0.4047478329393223
0.42333088774761557
0.4568354120811934
0.48153073286052006
0.5149231678486998
0.590652845971995
0.6215675577377705
0.6589834515366431
0.6954294720252168
0.6377659574468085
0.6815602836879432
