0.4654429147545543
0.5018773466833542
0.5919391108804706
0.6263622210690192
0.5881335409098771
0.6222106901920084
0.6183407554016164
0.6544614877123536
0.6187172371261178
0.6589577551649708
0.5161831076724693
0.5473887814313346
0.431777283793797
0.4604636392505557
0.37728630085852927
0.40294886151549086
0.36400709219858157
0.3882978723404255
0.36472928559072826
0.38816813700051894
0.3526680175616346
0.37512664640324217
0.35936689154125584
0.38367064521709043
0.3742498636115657
0.4000727404982724
0.42480183562786816
0.4542136003337505
0.47309855710442655
0.5053802885791148
0.5807722616233254
0.6203309692671395
0.649113475177305
0.6843971631205674
0.6085106382978723
0.6428684003152089
0.6021131856998118
0.6424952959907366
0.49693472773169856
0.5307128260608247
0.3938087023193406
0.42112325091048497
0.3600177304964539
0.38572695035460997
0.3577715115782278
0.38246603435016663
0.34132224667807937
0.3656965843319475
0.3346228239845261
0.3574306898774984
0.3427051671732523
0.36710570753123944
0.36572742955721677
0.39361702127659576
0.40791223404255317
0.4386081560283688
0.4693984764906751
0.5057788284738639
0.5927758535378526
0.6305459343559294
0.6849881796690307
0.7216312056737588
0.7108565193671577
0.745590107292235
0.6010261053266939
0.6420703183944471
0.4637832810138356
0.4980816184164632
0.40395564878633505
0.43142543202477274
0.3464539007092199
0.3719858156028369
0.32709561650858754
0.3529864137400667
0.31389236545682103
0.3407592824363788
0.30930329578639965
0.33742177722152694
0.31001773049645387
0.33749999999999997
0.3517939090529829
0.3854818523153942
0.4059017223910841
0.4432624113475177
0.537192808840508
0.5850239155533564
0.6298639064596511
0.6751006325474411
0.6685330347144457
0.7123926838372527
0.6074622263336418
0.6566450817144619
0.47151681537405626
0.5098375657744223
0.40023001725129387
0.4302281004408664
0.36481577581733265
0.3915412558380903
0.3596757852077001
0.3842451874366768
0.360450563204005
0.3833124739257405
0.34694709382897204
0.3693649629086166
0.36349653934888493
0.38878919935059386
0.3894000383362085
0.41843971631205673
0.4558772235786537
0.48912917102662484
0.5099563557010366
0.5460992907801419
0.5907013396375098
0.6294720252167061
0.6624840880160029
0.6961265684669941
0.632495164410058
0.6647324306898775
0.612343443488758
0.6538403500829938
