0.6340727327599215
0.680096574618983
0.48657132891524246
0.5241251017323567
0.3955338317040445
0.4247651907226376
0.374822695035461
0.4020390070921986
0.3670645217090469
0.39231966787752987
0.35819774718398
0.3823946599916562
0.35570753123944615
0.3806146572104019
0.3765397536394177
0.40332213512504667
0.41625750136388434
0.44669939989088925
0.47814313346228243
0.5117988394584139
0.6252680191324427
0.6653471878607949
0.7111366685834771
0.7485144719187273
0.7461356610292781
0.7788688852518639
0.6432775011317339
0.6816055530405916
0.4854724319377717
0.5213909860443834
0.40293144208037823
0.4320567375886525
0.362048088565992
0.38886005881335406
0.3485189820609095
0.37555277430120987
0.3288497595174044
0.3557512024129779
0.3246292714377821
0.35025789813023855
0.32776089159067884
0.35494765281999324
0.3558558558558559
0.3860456200881733
0.3927727119216481
0.42710795902285265
0.44108019639934537
0.48131478450627385
0.5531914893617021
0.5928040131465144
0.6687526074259491
0.7177722152690863
0.6606655755591926
0.7090380069103474
0.5023855577047067
0.5464861379754996
0.39856158225951455
0.42922784936569774
0.35382190701339633
0.3798266351457841
0.334817746989939
0.35856836549562926
0.3465394962093421
0.37099535338713624
0.34009566221342574
0.3645884875474188
0.3455524224557806
0.37169956421430406
0.38077439141268926
0.4080889400038336
0.43708533516357817
0.4679707160832761
0.5084132943957725
0.5456821026282853
0.6336274001037883
0.6722020411693479
0.6959938662066322
0.7320299022426682
0.6674725983236621
0.7056737588652482
0.5552546744036106
0.5966473243068987
0.4408469524103196
0.4728132387706856
0.38543371522094927
0.41243862520458263
0.3698322089603875
0.3956062964884968
0.3649949341438703
0.3904086457277947
0.3552009456264776
0.3805302262749071
0.35871144151072376
0.38528582414765444
0.39288837073739435
0.4199941707956864
0.4313451924194861
0.4625043599581444
0.48881614839061643
0.5227768685215494
0.595249876298862
0.6252680191324427
0.6967605903776116
0.7347134368410965
0.7170394617203127
0.7585015457355883
0.5986997635933806
0.6400709219858156
0.447037291237703
0.4787234042553192
0.3714420803782506
0.3976359338061466
0.34877457581470506
0.3748990035012119
