0.44868192158437037
0.4833400240867121
0.5514184397163121
0.5920373952288847
0.6686367218282111
0.7044917257683215
0.6499363520640116
0.6823058737952354
0.6664936862134578
0.7066251513578966
0.566217976552323
0.5995078882616875
0.46019217570350035
0.4916495081217113
0.39240260371126007
0.41824540950160305
0.374504927696417
0.39992631481993185
0.36066424494032173
0.3838436256702993
0.36351842241826676
0.3870437640546618
0.3666929340688206
0.3900709219858156
0.3773602284240582
0.4033342543980842
0.4211514392991239
0.4497288277012933
0.48525569242254574
0.5174816473808636
0.5681467776749922
0.6054579093432007
0.6889016676250719
0.7253210657465977
0.6617566830332787
0.6972176759410802
0.6865923674434313
0.7277946639648767
0.5420278434462832
0.576963488311006
0.4128458695435021
0.44111477374887625
0.363386524822695
0.3897163120567376
0.347855454238433
0.3723404255319149
0.3394472976277818
0.36259884242276025
0.33447460666829704
0.35746311241542345
0.33544410672070246
0.36068895643363724
0.3571017826336976
0.3843204907034694
0.420841912605811
0.45218485472431935
0.49756640244750383
0.5356695869837297
0.6320921985815603
0.6709219858156028
0.6641748131109833
0.6984857197623154
0.712675031823968
0.7454082560465539
0.5287779596290234
0.5733769776322968
0.41093032957863995
0.4422194409678765
0.3465302091749708
0.3725648621958883
0.306822019587977
0.33485309017223913
0.3156445556946183
0.34284522319566124
0.3046384609113883
0.32999103285236814
0.3062161034626617
0.33191489361702126
0.3305337812616648
0.36095558044046283
0.38523021501744903
0.4194528875379939
0.4573104200763775
0.4953627932351336
0.5670381627828436
0.6087470449172576
0.6758673567184205
0.7214874448917001
0.6985815602836879
0.7421985815602837
0.5691837018495342
0.6096509525796133
0.4279635258358663
0.4580547112462006
0.37448559670781895
0.3999649767971281
0.36161769672407973
0.3856805133400878
0.3561768101599868
0.3789378195612733
0.35110458954919704
0.3732779000570636
0.3579474342928661
0.38097622027534417
0.38801791713325867
0.4155468458379993
0.4445921985815603
0.47495567375886527
0.5121102636156831
0.548106516793791
0.5666049953746531
0.6073080481036078
0.6071613907628438
0.6427953641238541
0.6041563582384958
0.6412666996536368
