0.30609028481368905
0.3347968028819093
0.34970986460348163
0.38143133462282397
0.38629847593179417
0.4211558774709522
0.4397163120567376
0.4826427771556551
0.5919452887537994
0.6418439716312057
0.5799588194921071
0.6215968885838481
0.5892434988179669
0.6294326241134752
0.4351272423863162
0.474342928660826
0.35959663120567376
0.39084663120567376
0.34349528950989733
0.37281676722769136
0.35439170758319694
0.3839607201309329
0.38286245785373796
0.41460295314498313
0.40425531914893614
0.43868471953578336
0.4226950354609929
0.45843971631205677
0.47324306898774987
0.5099935525467441
0.5097290416439353
0.5448263320603746
0.5565405831363278
0.5929866036249015
0.6020263424518744
0.6417426545086119
0.4869439071566731
0.5285299806576402
0.3618223344151941
0.39343671114316625
0.32377428307123035
0.35019015315037516
0.3157485669872729
0.3409112989410279
0.3147402721870807
0.33946712670116924
0.35090016366612115
0.38068739770867427
0.38237768962615704
0.4137516528428898
0.42851063829787234
0.4625531914893617
0.49372613202400434
0.5322785961083834
0.5746897163120568
0.6196808510638298
0.6039114549752848
0.6387277025574898
0.5975631933078742
0.6461174759047099
0.4425531914893617
0.47827208252740167
0.38308618095852137
0.4119922630560929
0.3594046548796324
0.386574767755469
0.348100650927815
0.37695521228019047
0.3583058635500949
0.3880731195684747
0.3660004298302171
0.39834515366430256
0.4056484295845998
0.4394630192502533
0.44495837187789083
0.48273203823620103
0.5257811002491853
0.5664174813110984
0.5936856554564173
0.6339510409517273
0.5718551698394924
0.6114221724524077
0.45242316784869974
0.49482860520094557
0.36564223798266354
0.39581222559945967
0.3373289381680152
0.36419938068125063
0.3307204180664427
0.3564762971257932
0.32687761411165667
0.35397344971813055
0.3187898375078553
0.34527336385671964
0.34292278493656975
0.37069223853760863
0.37293144208037826
0.40236406619385345
0.46947271045328404
0.5053962380511872
0.6281968622394154
0.6666666666666666
0.6072455434157562
0.643473260494537
0.5404915058551871
0.5858485898070263
0.41276595744680855
0.4474532559638943
0.363557010365521
0.38963447899618114
0.3422235540905004
0.3673958645489961
0.35029293863706445
0.3775310926097235
0.36072013093289684
0.38974358974358975
0.3977852432499689
0.4296379245987309
0.43855840208423796
0.470400926327978
