0.39929078014184394
0.44769503546099293
0.4940898345153665
0.5435203094777563
0.5163578128574697
0.561198810340883
0.5591397849462366
0.5966598032486845
0.5092965305731263
0.5612420931569867
0.4353642811089619
0.4771115409413281
0.36156831259199784
0.3998394219189081
0.3286827113126381
0.3634461109173352
0.3151118385160938
0.3467539552645935
0.3055018267784225
0.33730926284117774
0.3142058886739738
0.3441865463142059
0.33727344365642237
0.3657548125633232
0.3805724417426545
0.41122087132725427
0.42582742316784866
0.4629137115839243
0.49718130569194396
0.5388252409529005
0.6260047281323877
0.6612293144208038
0.6125886524822695
0.6458333333333334
0.5976614912785125
0.6382978723404256
0.47004677833106984
0.5101856043458579
0.4012158054711246
0.4338905775075988
0.3677479362864783
0.39669805836530636
0.34740861974904524
0.37479541734860883
0.339443535188216
0.3682487725040916
0.340650681076213
0.37070809411234945
0.3722759509993553
0.40270793036750485
0.42584027135368485
0.46238051187172374
0.5324899367452559
0.5740847230208933
0.5757575757575758
0.6180958521384053
0.6348592306039115
0.6744036105738234
0.6053287329883075
0.6557408472302089
0.4679373522458629
0.5097517730496454
0.38165644909243895
0.4138718595985095
0.34730281538792174
0.3759939823769611
0.34904528096017456
0.37839607201309333
0.3419074838573092
0.36985286334286016
0.34729609929078015
0.37710549645390073
0.36341403766202
0.3977745169968207
0.39952718676122934
0.43526630510360176
0.46926713947990545
0.508949679162445
0.5961879432624113
0.6387411347517731
0.5495440729483282
0.5916919959473151
0.5297326786688489
0.5811965811965811
0.43088724851642785
0.4744536112317267
0.3718338399189463
0.40995440729483285
0.3211436170212766
0.3544991134751773
0.3047528315867471
0.33365089446385093
0.29390905298289527
0.32238214434710055
0.29025865665415107
0.32060909470171045
0.32720278879673037
0.36386584926072846
0.3667871002274856
0.40532583968954905
0.4111899133175729
0.45405831363278176
0.4698581560283688
0.522655634357762
0.5261524822695035
0.5726950354609929
0.6021921341070277
0.6355039759295079
0.546644844517185
0.5917439534460811
0.4238631622861911
0.4633569739952718
0.3761269383339344
0.40990503666306044
0.3609141055949566
0.3913092423730722
0.34719039825422804
0.3761047463175123
0.3594858156028369
0.38940602836879434
