0.5332446808510638
0.5786790780141844
0.6482712765957447
0.6879432624113475
0.5356298547787909
0.5808848362039851
0.3872340425531915
0.4205673758865248
0.3432624113475177
0.37173252279635255
0.34362201578263907
0.37179102986714613
0.3303073286052009
0.35782505910165485
0.33411056057514815
0.36257650830661614
0.3540806605271515
0.384672382767016
0.38880445795339413
0.4217325227963526
0.4929902688438067
0.5297707405574797
0.5642469753858991
0.6017939090529829
0.5761932144910868
0.616637914510255
0.46776989755713155
0.5117415287628053
0.35147075921404486
0.3814672712475293
0.31345519928079113
0.33852761961841976
0.3021276595744681
0.32567375886524824
0.30468458379992536
0.32988055244494213
0.30345153664302604
0.3297399527186761
0.32751137927384355
0.3568328569916376
0.3626975239517233
0.39430135622744805
0.40078802206461783
0.4357762017336485
0.4317148572467721
0.4719039825422804
0.5582890070921985
0.6015070921985816
0.5266890630832399
0.5733482642777156
0.41663190098734526
0.45709915171742455
0.33968455594368585
0.3692177410818249
0.30921985815602837
0.33550827423167845
0.29957805907172996
0.32552293742705807
0.2920369871622228
0.3178920908519616
0.30352693118650564
0.33103316082039486
0.33634214485278313
0.365892972275951
0.3662153449387492
0.3989684074790458
0.43015009071416793
0.46890978063664857
0.4986828774062817
0.5428571428571428
0.560081053698075
0.5967578520770009
0.5070057083549558
0.551634665282823
0.3971631205673759
0.43050889635436107
0.3601745771958538
0.389088925259138
0.327521670606777
0.355397951142632
0.32009456264775416
0.34609929078014184
0.3263382881569999
0.3552900029146021
0.36447251773049644
0.3948359929078014
0.40517467822432357
0.43656422379826637
0.4181442080378251
0.4519799054373522
0.464625497318803
0.4993945684137693
0.5759724908661079
0.6137975499677627
0.5251863975268231
0.568830696490271
0.424645390070922
0.4655732860520094
0.31792996453900707
0.346520390070922
0.28221040189125296
0.3075256107171001
0.2776359338061466
0.3015602836879433
0.2826336975273146
0.3087023193406172
0.2926302806043787
0.322540857230959
0.3348699763593381
0.36453900709219855
0.3628146293978584
0.3950771798080934
0.39281108961960026
0.42972275950999356
0.4223590892123927
0.4587532661440836
