0.42451874366767983
0.4574468085106383
0.5511055486024197
0.5871923237380059
0.4889979996362975
0.5351882160392799
0.3609141055949566
0.3958497504596796
0.32455251604187774
0.35325903411009796
0.3026670662271501
0.328338827289981
0.3080181245074862
0.33431836091410555
0.3333333333333333
0.36137975499677627
0.3402073104200764
0.37043098745226405
0.3777207141110296
0.40963560772805085
0.437151048740003
0.47231024596348276
0.5192639447958597
0.5583668775158137
0.5925417524593914
0.6364676275451842
0.6260477111540941
0.667096496883731
0.5950172758683397
0.6399345335515548
0.39527186761229316
0.42825059101654844
0.3451203675956448
0.3708920187793427
0.3272676371780515
0.35405001866368047
0.32430689877498386
0.34991249884866904
0.3377052365685417
0.36568541727387543
0.37666223404255317
0.4078014184397163
0.42459520942058077
0.45858423658503944
0.5130600242172635
0.5519806261892406
0.5610717100078803
0.5983057525610718
0.5677592486103124
0.6099290780141844
0.4862096138691884
0.5315996847911741
0.36809673293803047
0.40193000813858853
0.3089898409047345
0.3341958980256853
0.30708298793405175
0.33296490743299256
0.29165572191576916
0.3176604500481569
0.3054250713825182
0.3333333333333333
0.3111941728963006
0.339850488786659
0.33727344365642237
0.36710570753123944
0.37727715199555
0.41134751773049644
0.4880199348284454
0.5276979106766341
0.5780141843971631
0.6199024822695035
0.5186170212765957
0.5645390070921985
0.3957184134489099
0.43314946151825584
0.3309692671394799
0.35666563881179975
0.30892511743575574
0.33278069448282216
0.31353044119001566
0.3385834024131896
0.33668242710795904
0.36505122143420016
0.37757514353259036
0.4097714736012608
0.4429896344789962
0.4753136933987998
0.4892005157962605
0.5267569310122501
0.5360520094562647
0.5760441292356187
0.565915727993325
0.6059657905715478
0.5492129389379
0.5870956581906245
0.47864795533423865
0.5154670288214879
0.3571504181221552
0.38615433470943156
0.33304581176921605
0.3588269120184014
0.32725430597771027
0.3548862485032698
0.3051396550214517
0.3330706593117941
0.32157777130088405
0.3491693383853104
