0.6302127659574468
0.6695035460992909
0.6147517730496455
0.657872340425532
0.6586010290641079
0.7114448616325963
0.5752017608217168
0.6237466373196381
0.4667249587098028
0.5065578548528126
0.4232248141502179
0.4572331880714347
0.39272075442288207
0.42358350868989164
0.3843971631205674
0.41605076521089956
0.3877831159917639
0.4186684969114619
0.3913317572892041
0.42379826635145784
0.41768877763871504
0.4513141426783479
0.4310906651332183
0.46904351159670304
0.44657973003889273
0.4898192633264699
0.5692574902301346
0.6189028803010566
0.6371158392434988
0.6889564336372846
0.6644100580270793
0.7113152804642167
0.6292198581560283
0.6940425531914893
0.49785084891467873
0.5467440361057383
0.42664274117747586
0.4666324873963941
0.4118991331757289
0.44751773049645394
0.3884456264775414
0.42294621749408984
0.3826054497946995
0.41843971631205673
0.38592123132639206
0.42274030481364117
0.3955137720600363
0.43707735444499424
0.4302600472813239
0.472434988179669
0.48598446470786894
0.5289879545198694
0.5780865537704444
0.6259950788826169
0.748897834004217
0.7927927927927928
0.751241134751773
0.7916666666666666
0.6944318696242644
0.7510185604345858
0.5307891478104244
0.5782956208488124
0.44045316385741917
0.476558902090817
0.40508969545264917
0.4380475594493116
0.403207607994842
0.4344777562862669
0.3906350741457124
0.42327530625402965
0.38598247809762204
0.4194409678765123
0.4141107119830524
0.451505940867643
0.4412438625204583
0.4828150572831424
0.5414157634149606
0.5879834069316204
0.6156336725254394
0.664353993216158
0.6651822530100611
0.7156523173346528
0.6713444997736533
0.7158593632111061
0.5857630680325716
0.6403992645127397
0.4415622267560478
0.47984066841542794
0.3913526446210373
0.425531914893617
0.3657548125633232
0.3963837580858858
0.3721040189125296
0.4030732860520095
0.3684755757430871
0.39987249980078093
0.3788416075650118
0.411516379601486
0.40661938534278963
0.4409456264775414
0.4742767083192615
0.5112011707756389
0.541649283827006
0.5882352941176471
0.6438332468431067
0.6988410309635011
