0.39403917595406956
0.4284869976359338
0.38853285482354954
0.42331026232589936
0.4052555010001819
0.44189852700491
0.4326241134751773
0.4697061803444782
0.4529705848157191
0.4942448552493896
0.49913020206075204
0.5427539140907266
0.5829787234042554
0.6302600472813238
0.6488496799861615
0.7031655422937207
0.6674546887312846
0.7131599684791174
0.6325963009317203
0.690585454039772
0.5294382528425081
0.5755938309129799
0.42835060920167306
0.4671758501545736
0.4282801418439717
0.46436170212765954
0.3877068557919622
0.4201733648542159
0.40686394391456754
0.43784136300644005
0.41027544120072573
0.4416955302655451
0.43944353518821605
0.47272231314784513
0.4483502929386371
0.4827834309795457
0.49240121580547114
0.5341945288753799
0.5894405043341214
0.6403467297084319
0.6327624978377443
0.6855215360664245
0.7221933921466874
0.7725307040304445
0.6736079674060661
0.7301946582163875
0.4987452264048009
0.5444626295690126
0.42677304964539003
0.4631205673758865
0.38604126370083813
0.4170696324951644
0.38505060164156507
0.4175631524424257
0.3884771694955773
0.42346003665630727
0.3952663697839353
0.4329539831766452
0.40712810844779607
0.4442948200017955
0.425531914893617
0.46595744680851064
0.4617021276595744
0.5022458628841607
0.5164789319983313
0.5640383813099709
0.5828211189913317
0.6373522458628841
0.6894630192502532
0.7421479229989868
0.6608510638297873
0.7114893617021276
0.5421985815602837
0.598581560283688
0.4733792827889322
0.520427529717311
0.42257683215130026
0.46285038838230325
0.40776065867775335
0.4459117958751121
0.39440504334121357
0.43199369582348307
0.40516246082797297
0.44449942272802245
0.40133500208594075
0.4396328744263663
0.4258156028368794
0.46609929078014184
0.4722503658673871
0.5180682201958798
0.5421732522796352
0.5859929078014184
0.6099290780141844
0.6491625169760072
0.6732753062540296
0.7224371373307543
0.6929228912026558
0.7446808510638298
0.6253409710856519
0.679759956355701
0.4853530681467777
0.5307842532634391
