0.6581838409122514
0.7090807954387429
0.5038684719535783
0.5434128519234902
0.40195035460992906
0.43590425531914895
0.37653868101410287
0.40767913915382736
0.36131244641882937
0.3900709219858156
0.36762528251889953
0.39739692931182297
0.36453900709219855
0.39511426319936954
0.37749071259709555
0.4099121918270855
0.39628873992033425
0.4320411930438162
0.4339030345308685
0.4725031973026392
0.5474019394992039
0.5957446808510638
0.6528282304099636
0.7097387995156548
0.677882236516576
0.7293419099455715
0.6132580691851209
0.6733246490085396
0.46702656928125336
0.5104265904519953
0.3904211540145346
0.42702040101567285
0.35125867040760655
0.3856285558413218
0.3520170822847556
0.3849614885991001
0.3631668208448967
0.39893617021276595
0.36976144422952933
0.4075596389426177
0.39609929078014183
0.4321808510638298
0.4150477952513105
0.4535923527597903
0.45477168097548837
0.4967027497822571
0.586073500967118
0.6426499032882012
0.6929269695227143
0.7469810235767682
0.7208095485210172
0.7682061927002248
0.6435792968160555
0.7027312509431115
0.4781042440616909
0.5200945626477541
0.40602836879432624
0.4382232176185144
0.37981714090404173
0.4092113133384602
0.39387649195640895
0.426396817159661
0.37270726338958177
0.40392924105323225
0.3704247167196544
0.40197277247900876
0.39164696611505123
0.42465633482181947
0.42213565078413745
0.4581959844171411
0.4613535280682774
0.5027046520014425
0.5394413084382689
0.5853234910985671
0.6396817159660958
0.6860404774260509
0.67618059159315
0.7239231966787754
0.6901998710509348
0.7387169568020632
0.5422421301480652
0.5912653975363942
0.43861752072720006
0.4791729097992209
0.37315218320088867
0.40673331624369824
0.3523533204384268
0.382495164410058
0.34806934594168637
0.3788022064617809
0.3546099290780142
0.38411999673921904
0.3665178180544611
0.3987391646966115
0.3911697133153531
0.4252322445310159
0.4293686780606906
0.46692245087780493
0.507019829208279
0.5549283543204516
0.6312056737588653
0.6821240225495545
0.6843971631205674
0.7328605200945626
0.7504665920119448
0.7904068682344159
0.6825847123719464
0.7361702127659574
