0.37277287666493686
0.40313094620307904
0.3852482269503546
0.41796690307328604
0.3926499032882012
0.4309047926069203
0.4559270516717326
0.49784701114488344
0.5497241922773838
0.5977935382190701
0.6188397890525551
0.6701218403346063
0.7122593718338399
0.763323201621074
0.6929596955544023
0.742086144265698
0.5863829787234043
0.6388652482269503
0.45062738679759956
0.49394435351882165
0.381342062193126
0.4158028732496818
0.3778615674656612
0.4124248137175689
0.3653306943757216
0.396585848589807
0.37749071259709555
0.4087301587301587
0.3846220377097388
0.4158450095139249
0.3933867550888827
0.426913512019895
0.42786069651741293
0.4631099820048693
0.46937459703417156
0.5128304319793682
0.5675370728562218
0.6128304319793682
0.6202945990180033
0.6690307328605201
0.6943080560101836
0.7426804873613384
0.6766602192134107
0.7329142488716957
0.49366352749680276
0.5421462620625508
0.41418439716312055
0.451725768321513
0.37259371833839916
0.4055217831813577
0.3639846743295019
0.39390233961033666
0.35931057232393204
0.3893287151575128
0.35244055068836044
0.38715060492282016
0.37039007092198584
0.40585106382978725
0.3970632304465088
0.4356208171011887
0.4230496453900709
0.465839243498818
0.5233137166138524
0.5770333484231175
0.5675447483958121
0.6138129010469436
0.691776883266245
0.7406555491661875
0.6918117343649258
0.7379110251450677
0.5716312056737588
0.6234687298517085
0.45619818199980017
0.4994506043352312
0.39261010419402853
0.43192364941773925
0.37138089278264497
0.41259908218606595
0.3706086095992083
0.4093682995216889
0.38816813700051894
0.4250129735339907
0.38152391343880704
0.4235315511911256
0.41760534000834376
0.4630788485607009
0.48337001711910005
0.5276351186109074
0.5837765957446809
0.6272163120567376
0.6203199736104238
0.6665017318159328
0.7033385227469297
0.7460646946895
0.6594235702429455
0.7093707559981892
0.5849056603773585
0.6358892011240466
0.45338678178641173
0.49532326035563773
0.3927852202083881
0.4262323789510551
