0.6158740091781394
0.6534209428452231
0.7960658370132477
0.8372808778268434
0.8297872340425532
0.8656737588652482
0.8150572831423895
0.8561102018548827
0.7095744680851064
0.7547281323877069
0.5449172576832151
0.5825604655391889
0.45276897540365174
0.4838539308887883
0.3869761444229529
0.41444229529335913
0.3692298121189499
0.3941147194226702
0.358636855391273
0.38189686260367833
0.3643311323061873
0.3896429444852042
0.3920593888778418
0.41863856300125935
0.44703485740153914
0.4776671193601932
0.5033709832764206
0.5359425619472901
0.6073104200763775
0.6466993998908892
0.7367375886524823
0.7798581560283687
0.824468085106383
0.8624408983451537
0.7771210927239296
0.8293932230102443
0.555431131019037
0.5951847704367301
0.4469578200821202
0.4763717805151175
0.39814814814814814
0.4260572629366956
0.373604687018193
0.40049337033610855
0.37520218987184273
0.40251337563767575
0.3774696048632219
0.40431864235055726
0.4156584619663468
0.44430538172715894
0.48130238555770466
0.5127337201805287
0.5492198581560284
0.5837352245862885
0.647866711696499
0.6869300911854104
0.7464204469423257
0.786698782282885
0.8571428571428572
0.894340715009408
0.7915681639085894
0.8426582610979774
0.6170212765957447
0.6619385342789598
0.4749408983451537
0.5092198581560283
0.41087015821058376
0.4400572831423895
0.38655676953549295
0.41498945754264904
0.3891764104530062
0.41875918471663154
0.40357987166497805
0.4335697399527187
