0.6825930073410477
0.7201692173696653
0.8040780141843972
0.8475177304964538
0.8104200763775232
0.8521549372613203
0.6881720430107526
0.737474262182567
0.5398150641888859
0.5807523116976389
0.4281560283687943
0.4597163120567375
0.3922181013728935
0.4218882165397879
0.38916827852998065
0.41702127659574467
0.38813668600902645
0.4160541586073501
0.41538033653177586
0.44632179112779863
0.4634089314940379
0.4967656457018159
0.5346081335847024
0.569620253164557
0.6326241134751773
0.6734315330060011
0.7322038350407145
0.7696348831100605
0.8441225290478346
0.885921231326392
0.7847386393485685
0.8272918308379301
0.6396948205458844
0.6856866537717602
0.4863454797423983
0.5216434336023478
0.41162294291812984
0.44006059354127935
0.39368268978198057
0.42060677698975574
0.3728381236779893
0.3975363941769317
0.37450574279796645
0.3992342936044687
0.3917279777291708
0.41863856300125935
0.44846838690206725
0.47925154670288217
0.5087355128870438
0.5422937208095485
0.5765957446808511
0.6132725430597771
0.7172147001934236
0.7522888459058672
0.769434014740648
0.8107356417744402
0.7783031258208564
0.8219070133963751
0.6604609929078015
0.7075576241134752
0.5089293343587115
0.542510467401521
0.4283974496740454
0.45619313704420084
0.3872340425531915
0.41250805931657
0.37720454402811776
0.40274901148559594
0.373501537689073
0.39910876796585704
0.393157341738902
0.41955608090359864
0.4289705566301311
0.45862884160756506
0.47896518375241776
0.5097517730496454
0.5468361425808235
0.5817444966381137
0.6541445035460993
0.694813829787234
0.7078267477203648
0.7437943262411347
