0.7907132343101833
0.8313930148534725
0.7581053698074974
0.8033181357649443
0.7567122593718338
0.8023049645390071
0.6144516394285128
0.6592661116250386
0.4826771011657292
0.5175674574060488
0.4227659574468085
0.45453900709219863
0.3926319936958235
0.42119779353821907
0.38566225800268356
0.4141588396907546
0.381892530828701
0.4111558366877516
0.3820921985815603
0.41039766970618036
0.3955214079327555
0.42467822432361435
0.43204515848892744
0.46381531335938625
0.4825140621178772
0.5147142740686393
0.5773826872631886
0.6151753618964344
0.5743709317011562
0.6107063052559992
0.6941644892372776
0.7344780390693045
0.7993920972644376
0.8387610363294253
0.8571428571428572
0.8979591836734694
0.6620124113475178
0.7108820921985816
0.5158277114686041
0.5531914893617021
0.5177304964539007
0.555353745026812
0.4223720244364862
0.451232357278281
0.3798479330394224
0.40559708644815023
0.37190493965409976
0.3993405499564514
0.37271369914147073
0.39958939902948865
0.39440504334121357
0.4237588652482269
0.39234823345695885
0.42091222590929794
0.454051607062019
0.4855892560736381
0.5070494744937195
0.5409724002392549
0.5717100078802206
0.6076635145784082
0.7170857511283043
0.7586073500967119
0.8154519390372718
0.8632865550022635
0.8148483476686283
0.8619284744228158
0.8611955420466059
0.9037487335359676
0.7428144830160508
0.7963170337190494
0.5738930419781484
0.6140502204331991
0.4703960474938242
0.5021117220495657
0.40762927769744545
0.4361357846175033
0.40935068512015427
0.4382703298216622
0.3948647228789073
0.42283950617283955
0.38987572385971764
0.4190253106903507
0.4097108565193671
0.4412847790507365
0.4395700811581487
0.4722526869927616
0.4944746825004124
0.5270493155203695
0.49348507339600856
0.5258123041398647
0.5536643026004728
0.5873286052009457
0.6813161260318568
0.7221253342634577
0.80810147299509
0.851063829787234
0.8564191634100449
0.8960775799681575
0.744307577454274
0.7930819957695657
0.7440587283812368
0.7959437601094936
