0.3185860632669143
0.35596082404593044
0.31226533166458076
0.34334584897788906
0.3099290780141844
0.3380952380952381
0.3032664069523524
0.3312356407951254
0.3367719750698474
0.3667526327100795
0.37974368545477166
0.4135871593878313
0.4347366832654293
0.47366832654293045
0.5056545907609737
0.5439907993099483
0.6294937637564196
0.6744925409635607
0.6810956224015652
0.7248716067498167
0.5949779566800844
0.6423231742380678
0.4295647336948964
0.46836323181754974
0.36962174940898346
0.40271867612293144
0.3408553621319579
0.37094347732645605
0.3357321652065081
0.3644138506466416
0.33395911556111807
0.36295369211514394
0.32550015878056526
0.35566846617973963
0.3344590791399302
0.36710570753123944
0.36340950879957973
0.3993958497504597
0.3946962688868332
0.43370336108541474
0.4836112708453134
0.5221391604370328
0.544955387783116
0.5964310226492793
0.6204529855868223
0.6655227636696408
0.5432240751389688
0.6024535173471344
0.4065248226950355
0.4520567375886525
0.34089834515366435
0.37364066193853424
0.30582419944122075
0.3374167203954438
0.2934525644978929
0.32326035563778394
0.29321175278622086
0.32360688956433636
0.3030116147599959
0.333950046253469
0.35265346050379065
0.3871362191244803
0.3873758865248227
0.4236879432624114
0.45975177304964543
0.49645390070921985
0.559638942617666
0.6006877283473029
0.6838905775075989
0.7282168186423505
0.6886081560283688
0.738031914893617
0.47995683009559054
0.5257477644156645
0.3857911469797016
0.4178283198826119
0.3362972372181645
0.36487773896475073
0.324390995991366
0.35019015315037516
0.31671732522796353
0.3463019250253293
0.32342511472674174
0.3494993742177722
0.3280679131742962
0.3575112830431979
0.370909543361951
0.40214010202811995
0.4106087470449173
0.44710401891252954
0.4901082493467712
0.5296752519596865
0.6050379065786256
0.6507703595011005
0.665199315235999
0.714600146735143
0.6121580547112462
0.6624113475177306
0.45556058548362754
0.49735928776218497
0.3971631205673759
0.4306898774983881
0.37021276595744684
0.4014184397163121
0.3502881205673759
0.3796542553191489
0.3533909574468085
0.38386524822695034
0.36997635933806144
0.4021276595744681
0.4094741067844239
0.442660243543423
0.42538101705145615
0.45918213369548816
0.4679121259297699
0.5023352361183187
0.5440729483282675
0.5736575481256332
0.6624113475177306
0.7002364066193854
