0.5695508274231679
0.6123877068557919
0.4660037002775208
0.4994603761948813
0.410733769776323
0.44026186579378074
0.39059145032207687
0.41954583902661197
0.3909167805322402
0.4208471598672653
0.4150657577635475
0.44494939062177236
0.461763798951588
0.492368177613321
0.5147898287493513
0.546358761459955
0.6118820022612806
0.6501182033096927
0.7109618016672888
0.7504043797436855
0.7908525112172529
0.8329714864669272
0.8629324070053553
0.9066435084672166
0.7302518953289313
0.7806309611151871
0.5404619021640298
0.5798326968539735
0.4474875509280217
0.4778934661234344
0.4029719689294157
0.4293144208037825
0.39335434725505647
0.41975308641975306
0.3884590586718246
0.4140554480980013
0.4000132564459468
0.4270564061775038
0.4400856973995272
0.46993203309692677
0.49378389653733834
0.526241134751773
0.5523171087146604
0.5885553288642767
0.6488138909268769
0.6892883345561261
0.7085245445696009
0.749826171603393
0.7791684049506327
0.8208872201362815
0.7333582182406371
0.7808883911907428
0.5682384512171746
0.6105999616637915
0.46286337775699476
0.4935702595277064
0.40568739770867435
0.4320103655210038
0.3825918762088975
0.40838168923275303
0.37740628166160084
0.40127912867274573
0.3870128180102804
0.41219337627692104
0.42768106597893835
0.4572677125868615
0.483410776881063
0.5149588326404174
0.5706344642514855
0.6085873107149703
0.6558539704685502
0.6966631787001512
0.7236718854543022
0.7606048441054463
0.8439716312056738
0.88380866153614
0.7040189125295508
0.7436170212765957
0.5978423733892718
0.641594246329038
0.5151357896557689
0.5525860577754714
