0.3007320979180966
0.33642187142530317
0.3169092945128779
0.35884036331964664
0.3173049645390071
0.35914893617021276
0.3706606942889138
0.4191862635311684
0.45523049645390073
0.5031028368794326
0.5278315065549108
0.5740382548893187
0.5782227784730913
0.6278681685440134
0.45505861919235785
0.49659863945578225
0.38390884780839435
0.415765608650157
0.33816425120772947
0.3664302600472813
0.32288671650373774
0.34847613571017827
0.3106751404623745
0.3356359952104633
0.30925718551698395
0.33501306457633445
0.3075177304964539
0.33437352245862884
0.34991816693944355
0.3791598472449536
0.3959188752021899
0.42901580191613786
0.4563675609004008
0.4953746530989824
0.5790571547768043
0.6232790988735919
0.6428734843285289
0.6849691146190803
0.6710007880220646
0.7084318360914106
0.5032505910165485
0.5524527186761229
0.37333776595744683
0.40879875886524825
0.3264302600472813
0.3557446808510638
0.32945626477541373
0.3556501182033097
0.31645569620253167
0.34186192656432357
0.3080560101836698
0.33396981269321696
0.3421728851886114
0.3724946037619488
0.3780141843971631
0.40981087470449173
0.4272687798523665
0.4634534664929802
0.5484633569739953
0.5921985815602837
0.6163349347975292
0.6543125142987876
0.6636578551472169
0.7034171502256609
0.47140485891051753
0.522710125245209
0.3224043715846995
0.3641437042204395
0.2729511426319937
0.30358550039401105
0.25018663680477793
0.2788353863381859
0.2749378281293175
0.305332964907433
0.28406121687196717
0.3179357969391564
0.3140096618357488
0.35029293863706445
0.3437352245862884
0.3764775413711584
0.36837713808927824
0.4060631344736476
0.44680851063829785
0.4900891071103837
0.5033434650455927
0.5481256332320162
0.6289893617021277
0.6628989361702128
0.5761047463175123
0.624113475177305
0.4315734173890202
0.46913580246913583
0.35923060391145495
0.3885665162260907
0.3267269017779073
0.35334693481006507
0.3071467539552646
0.33051463902527733
0.30468821958183656
0.3290964354794142
0.31158392434988175
0.33787234042553194
0.3300441977592764
0.35892691951896394
0.3696357735304724
0.4026926313258805
0.4046725073007927
0.4404116256431651
0.45874416190970424
0.507697630167791
0.5338491295938104
0.5834945196647324
0.557919621749409
0.6069202664947346
0.5310056373886162
0.5833787961447536
0.448770182586389
0.4993209597102761
