0.3463356973995272
0.37943262411347517
0.38646261042677615
0.42142590518850315
0.43036064584276446
0.47231024596348276
0.5374736438566227
0.5767682576193215
0.6698695950583391
0.7160832761381835
0.6970618034447822
0.7371833839918945
0.5215721040189125
0.5657505910165485
0.4084877602379318
0.4416609471516815
0.35520926980321643
0.3816801518329837
0.33793367835921023
0.36275637339467126
0.329004329004329
0.355438887353781
0.3198763411529369
0.3474268048736134
0.32352083940542115
0.3548042358884679
0.3396617566830333
0.37381342062193124
0.3649949341438703
0.39994934143870314
0.3900709219858156
0.4340425531914894
0.4705769599386621
0.5177304964539007
0.5479295355753833
0.6055822466254862
0.5728920409771473
0.6247044917257683
0.4377546401086464
0.49087068054926813
0.3398345153664302
0.3828605200945627
0.29920855175249256
0.33549182855380816
0.282080378250591
0.3131914893617021
0.27830146332704914
0.30774755364036266
0.2897028458568992
0.3181614148487297
0.30817966903073285
0.3366430260047281
0.34146850229453485
0.3715060492282019
0.37853107344632764
0.41002524341868013
0.4345857854232685
0.4715557567526784
0.5057283142389525
0.5473722494999091
0.6254432624113475
0.6719858156028369
0.6514690982776089
0.6966565349544073
0.4852874603893164
0.5349328504602384
0.37716544587838624
0.4107661899779096
0.3262411347517731
0.3553091599240835
0.29365293114283153
0.3176227668551935
0.29221653649340157
0.31870006284226593
0.29499955112667203
0.3209444294820002
0.2960302109238279
0.32439900525006904
0.3242710795902285
0.35362490149724196
0.35915336879432624
0.38851950354609927
0.40425531914893614
0.44155503020751247
0.4827760891590679
0.5241472475515028
0.594455190199871
0.6367934665807006
0.6444749485243652
0.6952642415923129
0.6204764502636844
0.6588470631023823
0.5181831899803833
0.5619435642070318
0.4167568217333814
0.4523380213968025
0.3698689017837954
0.4004943047496239
0.3469098277608916
0.37669706180344475
0.3375475382875938
0.3669441874807277
0.3069345941686367
0.3376674546887313
0.29484772632457235
0.32780559032123485
0.29066387629345425
0.3258923381002209
0.2771412984178942
0.31464811783960717
0.30946203079052065
0.3419823559937727
0.38763297872340424
0.425531914893617
0.43927304964539005
0.47429078014184395
0.43075774542739825
0.4833893243747667
0.35304964539007094
0.3943262411347518
