0.37860268598159047
0.42130677531311306
0.3956700261291527
0.44400895856662936
0.41821093571265155
0.46259437199725456
0.4449782658430565
0.4923358499199268
0.5643670750053729
0.6180958521384053
0.44680851063829785
0.5000788022064617
0.38221884498480246
0.4194528875379939
0.33145598664997916
0.36065915727993325
0.3338327839376685
0.3620017980221756
0.3442671394799054
0.37145390070921985
0.36305798915310805
0.39392991239048814
0.37326786688488817
0.4044735406437534
0.3735987188286434
0.4044840997483413
0.4230769230769231
0.45867430441898527
0.49037487335359675
0.5310705842620737
0.5928243637880685
0.6362119315811431
0.6516226090694176
0.687083601977219
0.6540583136327818
0.6977935382190701
0.4768794326241134
0.5171631205673759
0.385266529398307
0.4164950812171128
0.32896143009812495
0.355387156319829
0.32798989604585643
0.35392985524142623
0.31933557297499066
0.34574468085106386
0.3071191309812371
0.3328844600053865
0.31413711583924353
0.34260047281323874
0.34278959810874704
0.37212551042338277
0.3933637284701115
0.42641843971631205
0.45988967691095356
0.4986603624901498
0.5702127659574469
0.6135764944275583
0.6082097571459273
0.6428110896196003
0.6620060790273556
0.6932117527862209
0.5030934057642976
0.543835823147729
0.3806146572104019
0.4130361364403918
0.32742316784869974
0.3547084318360914
0.3120567375886525
0.3374393430384472
0.3067375886524823
0.3333333333333333
0.2936354425716128
0.32145159804734275
0.28757407947148544
0.31876032254930536
0.29807497467071936
0.3282674772036474
0.33147308452505525
0.36425996977095687
0.3754609929078014
0.4168794326241135
0.4303191489361702
0.4799645390070922
0.47883086180958523
0.5278315065549108
0.5587322695035462
0.6023936170212766
0.5488988428518103
0.5985442329227323
0.41093835242771415
0.44953627932351337
0.3543847799166948
0.38556793875942813
0.33282674772036475
0.36068895643363724
0.33151236342725704
0.35853939045428407
0.3504323326532595
0.3778295929272321
0.34722222222222227
0.3764775413711584
0.36836449602407045
0.40070921985815605
0.396796282709709
0.4289557348985082
0.4417848699763593
0.4794621749408984
0.5042553191489362
0.5445035460992909
0.6019772189984955
0.6385127874489577
0.6316109422492402
0.6684903748733536
0.5726950354609929
0.6198581560283688
0.4353004148267095
0.4762478255051518
0.3604638072723179
0.3953619272768209
