0.4005157962604771
0.4385557704706641
0.4781461322777503
0.5228434768266536
0.576136837713809
0.6239048811013768
0.6337088026700042
0.6795994993742178
0.6575214632325495
0.7017543859649122
0.4927764644076701
0.5313895455739427
0.4065119277885235
0.437029873200086
0.3683151236342726
0.3959171937895342
0.36086226203807387
0.38801791713325867
0.3344106293204058
0.36125325433162764
0.3431317655841732
0.3719671519223591
0.36994159365874013
0.4003963287442636
0.39678984695782005
0.43635684957073534
0.4208540817866305
0.46370906896031383
0.561143348377391
0.6114334837739094
0.5605053191489362
0.6068262411347518
0.6004052684903749
0.6504559270516717
0.4502791610079976
0.5073185453448016
0.37178051511758115
0.4160756501182033
0.2993920972644377
0.3354609929078014
0.2832213512504666
0.31308324001493093
0.2822331332969631
0.3120567375886525
0.2850345632462519
0.31492952688751236
0.29759956355701034
0.3291507546826696
0.32505910165484636
0.35746650906225375
0.3761153054221002
0.4061999542438801
0.425531914893617
0.46099290780141844
0.4978377443348901
0.537104307213285
0.5740628166160081
0.6186423505572441
0.6453900709219859
0.6891948268669169
0.5800034596090642
0.6293028887735687
0.42983789260385
0.4670719351570416
0.3558433549182855
0.3858567170315551
0.3155119112565921
0.33951627568648846
0.30487588652482267
0.3298758865248227
0.30638297872340425
0.33129432624113475
0.30837597629948826
0.334949277313942
0.33146178092986606
0.3595350669818755
0.36879432624113473
0.3998649105032084
0.4116101917520357
0.4465458366167586
0.5104653174191316
0.5490399584846912
0.5901126408010012
0.6314142678347935
0.6730939716312057
0.7160904255319149
0.5805706745835395
0.623783605475837
0.4990960923376443
0.540258656654151
0.4146648364218714
0.4481811942347289
0.36982218110802756
0.3988076883544044
0.3624113475177305
0.39078014184397164
0.33774199731646537
0.3667816752923136
0.324298066647236
0.3552900029146021
0.3196628636036592
0.3526570048309179
0.3085687710731311
0.34263457737472386
0.31400361563064944
0.3508552357113058
0.3536767450541247
0.38727136991414707
0.3967198581560284
0.43129432624113473
0.4697061803444782
0.5144883485309018
0.4204660587639311
0.4687605538669369
0.36295369211514394
0.4032818801279377
