0.25781640195784633
0.2941764059534512
0.3091969800960878
0.3546099290780142
0.3720676486633933
0.4234860883797054
0.4781914893617021
0.5294326241134752
0.5572748764238126
0.6180958521384053
0.5286563158903584
0.5817519647306881
0.4320567375886525
0.48709219858156033
0.36072013093289684
0.407746863066012
0.3173758865248227
0.35451661067562523
0.31133854026393754
0.3490438998114732
0.30890464933018125
0.34208913405130903
0.312231853603012
0.34891865861133003
0.31399097356544164
0.352215160725799
0.3440230239490184
0.38338986535101244
0.3529270344993389
0.3983651881235726
0.4274935868417082
0.48196770786177756
0.513767209011264
0.5842720066750103
0.5910165484633569
0.6619385342789598
0.46319936958234836
0.5276595744680852
0.3787931635856296
0.42971747471224275
0.2862139317983095
0.32080054405906927
0.25843279709392836
0.2896557688981145
0.2545682102628285
0.28360450563204004
0.2507253384912959
0.2806254029658285
0.25613434417543
0.2864596070758947
0.2803191489361702
0.3125886524822695
0.3292806484295846
0.3642350557244174
0.35302029836145754
0.39239422841770605
0.4091890225100216
0.4620721554116559
0.5185901568880292
0.5865033311841823
0.5494089834515367
0.6115839243498818
0.3258069185120857
0.37400492111738315
0.2631751227495909
0.3011456628477905
0.21204776012209353
0.24544393572133946
0.20592116114134917
0.24195942602671947
0.22856221792392004
0.267327530625403
0.2277562862669246
0.2602353320438427
0.23265870956581905
0.2650060543158623
0.2693118650565459
0.30180180180180183
0.2843230655234466
0.3189372287498677
0.3400386847195358
0.38272082527401674
0.4454576156703816
0.4947652819993245
0.6021921341070277
0.650762948635289
0.5680678083376578
0.6177131984085799
0.5285106382978723
0.5797163120567376
0.4343127321850726
0.4760779016098165
0.3650179607626416
0.3990052500690799
0.3425801238890385
0.3778615674656612
0.32437943262411345
0.35851063829787233
0.2841312056737589
0.31870567375886527
0.24395344608110567
0.2793235133660666
0.24083080040526847
0.2761904761904762
0.2569739952718676
0.3023640661938534
0.2990543735224586
0.35919030732860524
0.4382232176185144
0.5063456513624487
0.5304475421863536
0.6025923208608462
