0.4161451814768461
0.48748435544430535
0.5003039513677812
0.5795339412360688
0.3809101654846336
0.4367612293144208
0.32962356792144026
0.3770867430441899
0.31016548463356974
0.3464775413711584
0.29609929078014185
0.3266843971631206
0.30436640177732205
0.3345296077928736
0.31171494488592666
0.34085277279330084
0.3287870521913075
0.3576104746317512
0.35717956624524616
0.3916127042861548
0.38237768962615704
0.42192571222502706
0.45254262864041045
0.49751018560434584
0.5647629712579321
0.6170212765957447
0.6109422492401215
0.673353596757852
0.48210831721470027
0.5435203094777563
0.33401967513154884
0.37748798901853126
0.2765957446808511
0.31364315042926466
0.2530974963684525
0.2907801418439716
0.23143392842585797
0.26396021847232415
0.20934213744191735
0.24276514225156925
0.2166497804795677
0.2512664640324215
0.21471631205673758
0.24592198581560282
0.23866790009250693
0.27567067530064754
0.28576669112252384
0.32501834189288337
0.41042244835029296
0.4640764724020969
0.4653573376977632
0.5210038188761593
0.5334909377462569
0.5933806146572105
0.4613081166272656
0.5145784081954294
0.3684455295895826
0.41785838855946983
0.2877006345651363
0.32577454273982825
0.2835190813914218
0.31746031746031744
0.27014829142488717
0.29972598323662153
0.25849841036928345
0.2889051927936741
0.27734668335419277
0.31330830204422194
0.2750500090925623
0.31160210947444994
0.32069071847055197
0.3622160550930209
0.35387625336268036
0.396796282709709
0.4175343292590916
0.46702882148785274
0.42535893444040823
0.47552326587095656
0.4929078014184397
0.543144208037825
0.48684988179669025
0.5441784869976359
0.4104915627292737
0.4638053313768648
0.35734549138804456
0.39858156028368796
0.3248772504091653
0.3613384251682124
0.3268617021276596
0.361436170212766
0.29475869226777374
0.3279709392838609
0.2951580422029595
0.3300061290605026
0.3181614148487297
0.3554179010683185
0.3108409321175279
0.34893617021276596
0.34574468085106386
0.3893617021276596
0.43439716312056736
0.4846335697399527
0.4897349757372154
0.5475923852183651
0.521089958939903
0.5733482642777156
0.42758077226162333
0.4833727344365642
0.33475177304964543
0.3802600472813239
