0.357672469374597
0.4279497098646035
0.28833455612619224
0.34935191978478847
0.2714089128823965
0.3168201545464169
0.2506229633889208
0.2905884608012268
0.26004728132387706
0.3022222222222222
0.2486935423665547
0.2895670026129153
0.25018663680477793
0.29152668906308327
0.30126426148627816
0.3414533867817864
0.3198581560283688
0.3602836879432624
0.38780141843971633
0.4380141843971631
0.5393803658081374
0.6002239641657335
0.5448834853090172
0.5991894630192502
0.545726017170586
0.5994774169466219
0.4006368504848748
0.4504269793023592
0.3238031914893617
0.36480496453900707
0.26502426278462116
0.2987122060470325
0.24848962437614922
0.2792224848962438
0.24318550798940441
0.27292147312654874
0.2593718338399189
0.29365079365079366
0.23854004497491782
0.2740875281093237
0.27678742572359594
0.3157945179221775
0.2779255319148936
0.315270390070922
0.35856519367157663
0.40657392253136937
0.4563829787234042
0.5035460992907801
0.6210401891252955
0.6846335697399527
0.524631013992716
0.5779183438757907
0.3965064355135277
0.4428684003152088
0.31256332320162106
0.349645390070922
0.2776464407670081
0.3103055774450574
0.28562985477879094
0.3195710908476866
0.2809345014601585
0.3128076762619942
0.2786220871327254
0.3134076325565687
0.24831672502019927
0.2818924499506239
0.23951367781155017
0.27001013171225935
0.2769563649477101
0.31770645510277673
0.29289271163422365
0.3401237362305719
0.3784655061250806
0.43541800988609497
0.3976063829787234
0.4563386524822695
0.42992232353934484
0.49273893954745024
0.29243498817966906
0.3387706855791962
0.26250718803910295
0.3004600345025877
0.25090814737934614
0.2821311191835323
0.22826983341580076
0.25762823684644565
0.2638466734211415
0.2952549814251942
0.27780660785331257
0.3095485210171251
0.3051511758118701
0.3377192982456141
0.35143431777283796
0.38657774955012175
0.40322372662798195
0.44294003868471954
0.5108032327230744
0.5517070757050965
0.5907054871220604
0.6360582306830908
0.6055646481178396
0.6543007819603565
0.4223949809056192
0.46372067648663395
0.32269503546099293
0.3550271172298707
0.27147858874225694
0.3034383696920729
