0.47436676798378924
0.5375886524822695
0.37242289295728187
0.4362526801913244
0.2904313451924195
0.342983374026276
0.24259205285145244
0.28592247158262896
0.23996768112038783
0.2772241673399767
0.23904881101376718
0.27108886107634544
0.2554016163615372
0.285172356919017
0.2611743361372258
0.289295728187366
0.2972517730496454
0.32765957446808514
0.33904649330181247
0.37371946414499607
0.35220773278425993
0.39041409288492335
0.41914893617021276
0.46198581560283686
0.5118203309692672
0.5540357987166498
0.6469414893617021
0.6981382978723404
0.6004151530877011
0.6547310153952604
0.4051262909045664
0.44531541620007464
0.3237151462158749
0.3616049742543476
0.27240878407246005
0.30744253610185424
0.25287356321839083
0.2864596070758947
0.227276432705633
0.25279204369446484
0.21136401121556983
0.24352630710869208
0.1950354609929078
0.22712765957446807
0.20956947357906303
0.24592947757466785
0.23699763593380613
0.2815602836879433
0.33072803589520916
0.3819655521783181
0.392253136933988
0.45117294053464263
0.5396328744263663
0.5980392156862745
0.5374502681197024
0.6031828403390417
0.39325018341892887
0.44106138420151625
0.3200115008625647
0.3600728387962431
0.26801505997723496
0.29717187636809383
0.24748474352630712
0.2751113310242454
0.24881101376720904
0.2758448060075094
0.24422194409678766
0.2717563621193158
0.25702486758236825
0.288446000538648
0.2774822695035461
0.3129432624113475
0.3287577213452299
0.3707389613360787
0.40936170212765954
0.4567375886524823
0.45947315096251273
0.5123269165822357
0.5365152386428982
0.6018784742188998
0.46890978063664857
0.5294408708560119
0.3628419452887538
0.41691995947315097
0.28196555217831815
0.3203647416413374
0.2718676122931442
0.31074336748095616
0.27625395197812525
0.30932239596684613
0.27050479766374635
0.3039632874426366
0.28018456805947195
0.3148765273861403
0.29459219858156027
0.33235815602836877
0.3267269017779073
0.3643252696006995
0.37632978723404253
0.4157801418439716
0.38718150774888366
0.42566325190438664
0.4215232809127351
0.46515572001233424
0.49645390070921985
0.547249377036611
0.4459838363846281
0.4952993567540821
0.39078014184397164
0.44354609929078015
0.32375886524822695
0.36796690307328606
0.2666875260742595
0.30798915310805175
0.23699763593380613
0.26674546887312844
