0.31905682969512755
0.35000460532375427
0.34120275915670845
0.3744292237442922
0.3814026792750197
0.41821456715073735
0.4398501271243142
0.47705071591061154
0.5775817332641412
0.6190970420342502
0.6748018356278681
0.7104714226115978
0.7021276595744681
0.7362468851830554
0.5420664719788625
0.5842024753163677
0.41134751773049644
0.44536951382464796
0.35709219858156027
0.38430851063829785
0.33139909735654416
0.3560606060606061
0.3276755119929875
0.35237867559168057
0.31946068116280885
0.34307536435196007
0.31380986532791455
0.3409036576619651
0.34604402689509073
0.3726627981947131
0.3818876159301691
0.41003818876159304
0.4451397580308719
0.48046168822138785
0.6028368794326241
0.6455767077267637
0.6595744680851063
0.6987681970884658
0.5788441225290478
0.627282329862683
0.4183322587577907
0.4531485063399957
0.33454419650579487
0.3625670299256184
0.3067375886524823
0.3314831945729263
0.3060962728232986
0.32873094914742723
0.30881243398219405
0.3321261505960465
0.31556207711746964
0.34262655906089506
0.3238770685579196
0.35697399527186763
0.34955942402750917
0.38598753492370513
0.3577620173364854
0.40333596007354877
0.47685703620754016
0.5261291526689064
0.5337922403003754
0.5832290362953692
0.5506585612968592
0.6092536305302262
0.43486375513251213
0.4827672016921737
0.35334693481006507
0.38987661517536193
0.33111168076561565
0.3611039904298043
0.31986612479082
0.3479161686190134
0.33205833134114277
0.3589130608016575
0.34301209845640385
0.37179808093450145
0.39143106965899155
0.42106285825318174
0.4262182566918325
0.4567604667124228
0.4744953627932352
0.5103655210038189
0.6248408801600291
0.6635751954900891
0.6092536305302262
0.6472475515028706
0.6218043872670296
0.6701302985320798
0.4501182033096927
0.4879432624113475
0.3603603603603604
0.39083764615679506
