0.32903150796419023
0.35740030229043135
0.2984890533456676
0.3248021379381231
0.2995947315096251
0.3249240121580547
0.3065063213074314
0.33261383492650837
0.2912659088701059
0.31749732828135624
0.3332207587526736
0.3623775751435326
0.3835040714473339
0.4164696611505122
0.44113475177304967
0.47817178881008665
0.4980905619203491
0.541189307146754
0.6030585106382979
0.6422872340425532
0.6000788022064618
0.6351457840819543
0.574468085106383
0.620826846566338
0.47094926350245503
0.505455537370431
0.37706855791962174
0.40769396088545024
0.34515366430260047
0.37224192277383766
0.3337115839243499
0.3615130023640662
0.3330496453900709
0.3607565011820331
0.34022575167315955
0.36919388672460296
0.36080153101429696
0.3913092423730722
0.3800128949065119
0.4135396518375242
0.4597034171502256
0.5008059316569955
0.5760891590678825
0.6194528875379939
0.6161869002920317
0.6549853984146851
0.6353427895981087
0.6796690307328604
0.4643971631205674
0.5083687943262412
0.36148390616475723
0.39258046917621386
0.31224586288416073
0.3391016548463357
0.3003860310620343
0.3266900080797199
0.3082862016338989
0.33414130532363767
0.32439522005246285
0.35354124162051875
0.33775310926097235
0.36725254394079554
0.3932370820668693
0.4262917933130699
0.44097714736012605
0.4795902285263987
0.5050795476327391
0.5482077822503354
0.569525037610144
0.6056307758435417
0.5947596532702916
0.6382978723404256
0.4592198581560284
0.5047281323877069
0.34884751773049644
0.3776595744680851
0.30250591016548467
0.3295508274231679
0.295717748451387
0.3209444294820002
0.3018850317282568
0.3272676371780515
0.299214107724746
0.3263369752731455
0.3125706650220989
0.34258402713536845
0.3468085106382979
0.37955082742316787
0.4159278959810875
0.45345744680851063
0.5566362715298885
0.6034447821681864
0.6456264775413711
0.684869976359338
0.6514690982776089
0.6944275582573455
0.4953746530989824
0.5407030527289547
0.3735987188286434
0.40482727064744906
0.3328338827289981
0.3593047647587653
0.3319915660341192
0.35767682576193216
0.3309692671394799
0.3580141843971631
0.3326532594967454
0.36510249684251433
0.34670719351570417
0.37973657548125633
0.3630748112560055
0.39407458247540605
0.3870703764320786
0.4215766503000546
0.46968085106382973
0.5099290780141844
0.587322695035461
0.6236702127659575
0.587322695035461
0.6236702127659575
