0.5286282650060543
0.5781006746237676
0.5772676371780515
0.631578947368421
0.5962282398452611
0.6400709219858156
0.5545821165345571
0.6060353219301905
0.4689857030282562
0.5140155352921311
0.4024586288416076
0.4348936170212766
0.3780487804878049
0.4079743988929251
0.36595744680851067
0.39265748852732585
0.3625886524822695
0.3891843971631206
0.359501100513573
0.3848536724545529
0.36690905826375797
0.39545740192117784
0.3989626336403091
0.4300836244310363
0.4431401320616288
0.4759109806798728
0.5347819526180775
0.5735626980534179
0.6195035460992907
0.6615248226950355
0.657574104382615
0.6955810147299509
0.6184719535783365
0.6652159896840748
0.4841691995947315
0.5240628166160081
0.38092301367046977
0.41587007914482477
0.33225603734626086
0.3636771703025406
0.29469307899241864
0.3232249123665118
0.28570277240490005
0.3165699548678272
0.2757289204097715
0.3049645390070922
0.2853372917697509
0.3160976414316345
0.3045040066316662
0.3351754628350373
0.3476285460992908
0.3863031914893617
0.40044654583661676
0.44142369319674285
0.5329280648429584
0.5756501182033097
0.6099290780141844
0.6557408472302089
0.650709219858156
0.6975177304964538
0.5495035460992909
0.5931914893617022
0.41261776225256697
0.4488197311315762
0.3566747463865697
0.38800610467726004
0.3302355914241461
0.35689247574794164
0.3283927006135947
0.35381305283289505
0.32825596389426176
0.35323984526112184
0.3260761999010391
0.35205343889163776
0.3446624297688128
0.37026802984249796
0.37130387343153304
0.3992362247681397
0.43472550564749146
0.46795376937220906
0.5531914893617021
0.5960906417574814
0.6759080163335482
0.7270578121641952
0.6270541428818543
0.6678775298391282
0.5434570991517174
0.5872618550966485
0.4979212521398875
0.5382734164832478
0.43429286608260326
0.46693783896537344
0.4005673758865248
0.42940898345153666
0.38913773796192613
0.4210526315789474
0.39455020530048523
0.42543859649122806
0.38911251677209124
0.4205482077822503
0.3987613625012486
0.43162521226650685
0.4249599633951041
0.45962022420498744
0.4743589743589744
0.5107746863066013
0.5472538347352796
0.5837044367474847
0.5933806146572105
0.6330241862156756
0.6676798378926038
0.7122593718338399
0.6047396644179207
0.6521363085971286
0.5076203410291233
0.5569639354157236
0.40281283808150015
0.4406779661016949
0.3498465121202498
0.3844606753466709
