0.44030732860520094
0.49349881796690304
0.44699036188397895
0.496817603200582
0.40953674362456616
0.46551984306624417
0.37816138097149743
0.423123243677238
0.34075797872340424
0.38120567375886527
0.33143542103685947
0.3674957546698632
0.33026643664941535
0.3675483994632931
0.3487636572742956
0.38499137435307645
0.3685973207249803
0.40120173364854217
0.3854818523153942
0.4183354192740926
0.43671114316624593
0.4709700685178507
0.4789319983312474
0.5150883048254763
0.5547112462006079
0.5954069571090848
0.6555217831813577
0.6919959473150963
0.6451983898792409
0.6783592102741038
0.6737588652482269
0.7092198581560284
0.5346099290780142
0.5794326241134752
0.43194866599121917
0.4644827198018687
0.36114221724524076
0.3889511011571482
0.32210401891252954
0.34760216143194866
0.31906549853984145
0.34342928660826033
0.3215414850892933
0.3462360078612322
0.3191489361702128
0.3455038963313195
0.3459416863672183
0.37273443656422384
0.38135100569701197
0.41111498662946167
0.44865248226950355
0.4826950354609929
0.5845464725643896
0.6248600223964166
0.6382978723404256
0.675531914893617
0.668848881614839
0.7106746681214766
0.5428368794326242
0.5859574468085107
0.4074790457769181
0.44025359982806794
0.3523993736759694
0.3790181449755918
0.3326497479278817
0.3577715115782278
0.3184235976789168
0.3430045132172792
0.3153664302600473
0.34066193853427895
0.31385016711502406
0.34115920763022745
0.31710992907801416
0.3476950354609929
0.34595327492699207
0.3804755944931164
0.3574223526534605
0.396796282709709
0.3962765957446808
0.43956855791962174
0.5150962512664641
0.5671732522796353
0.5290396779758482
0.5794517922177497
0.574468085106383
0.6262956901254774
0.4645390070921986
0.5158917783031258
0.39121818940342096
0.42667918231122237
0.35571520677903656
0.38703140830800403
0.33555498590105104
0.36349653934888493
0.3259937324756721
0.35230084116773874
0.34355929407883884
0.36937159821870363
0.3476042207230583
0.3755405639162775
0.37174940898345155
0.40277777777777773
0.4100472813238771
0.44184397163120565
0.4878014184397163
0.5246808510638298
0.5947067981318112
0.6351842241826674
0.6588077439141269
0.6973356335058463
0.6524822695035462
0.6893617021276596
0.5768824505809567
0.6185302550173533
0.43701452212090514
0.4689857030282562
0.3579257621810813
0.38574191765681126
