0.4658284977433914
0.5096711798839458
0.624113475177305
0.6727158948685857
0.685643089898409
0.7310714970289438
0.5340971085651937
0.5789689034369886
0.4236545682102628
0.45994993742177726
0.38581560283687943
0.4157919621749409
0.3530057413036137
0.38027693346842284
0.34801835627868166
0.3740508969545265
0.3405070514388196
0.36585962337979944
0.3449542852260104
0.3706741861061266
0.35674730399300497
0.3852132517244729
0.3762242485646741
0.406844534504109
0.4466721222040371
0.483633387888707
0.5670212765957447
0.6079787234042553
0.6039567002612916
0.6474430757745427
0.5877875800034595
0.6357031655422938
0.4957446808510639
0.5419858156028369
0.3633387888707038
0.40327332242225855
0.30035921525283227
0.33397807865892976
0.2786220871327254
0.3087639311043566
0.27375886524822696
0.30354609929078014
0.2736943907156673
0.3003707285622179
0.2703282203529606
0.3020781791192479
0.3123366927958193
0.34285181037700635
0.3395526459356247
0.3756683033278778
0.3784655061250806
0.4154738878143133
0.5126175160811479
0.5543460333168398
0.6647893199833125
0.7058823529411765
0.6866014951121334
0.7308798159861989
0.6
0.6479117415287627
0.445664607641272
0.48318462594371997
0.3711583924349882
0.40151300236406623
0.33731188375713544
0.36369140287147556
0.32037172902910244
0.34572430097008233
0.3127014829142489
0.3374435847840103
0.3139986491050321
0.33949679162445123
0.3371158392434988
0.36378250591016553
0.3597678916827853
0.387384483129164
0.41018697614442295
0.442682140554481
0.5246577601847271
0.5690252350321623
0.5932528272953804
0.639064596511405
0.6290234588106929
0.6723040552827787
0.5769349367869256
0.6197964847363553
0.4870406189555126
0.5289490651192779
0.41403395658714803
0.44756071351816035
0.3632885405001866
0.3922172452407615
0.34839331056825146
0.3761491988442343
0.3476042207230583
0.3755405639162775
0.3459609064175748
0.37441619097042034
0.35074145712443583
0.38104448742746616
0.38005840634125987
0.4114518147684606
0.41477133773538766
0.450354609929078
0.4321985815602837
0.4686524822695035
0.5428259683578832
0.5824695399163484
0.6099290780141844
0.6505480335267569
0.58451536643026
0.6290386130811663
0.5309017223910841
0.5776764606551841
0.4101200218221495
0.45171849427168576
