0.41544523246650905
0.4542159180457053
0.5159067882472138
0.5592705167173253
0.5654416505480335
0.6032667096496884
0.5481522956326987
0.5882792086599478
0.46944318696242643
0.5166742115587747
0.3818782098312546
0.4245536806065052
0.34064375340971087
0.37654118930714675
0.3422523103374167
0.3784655061250806
0.32698211072298083
0.36519530009526835
0.3224734042553192
0.36558067375886527
0.3301418439716312
0.37553191489361704
0.33156028368794327
0.37356792144026185
0.3678272082527402
0.40909090909090906
0.4413373860182371
0.48145896656534953
0.40406363810619134
0.4479585968947671
0.4522640480087288
0.4949990907437716
0.3735224586288416
0.41784869976359335
0.2887537993920973
0.32612856017111336
0.2644799054373522
0.29462174940898345
0.2615714818962299
0.29283314669652855
0.2679171332586786
0.29777902202314294
0.2785388127853881
0.31021082288934226
0.3086180958521384
0.34192993767461854
0.3300405268490375
0.364741641337386
0.3875968992248062
0.43278904832591125
0.48456403838131
0.5365039632874425
0.5005065856129686
0.5501519756838905
0.5528182157521463
0.606942889137738
0.46897163120567376
0.5229018912529552
0.3720497616556214
0.4116963143820486
0.3209469583458196
0.35361102786934373
0.28835386338185887
0.3216685330347145
0.296548463356974
0.3314420803782506
0.3045759253861848
0.34071699213057416
0.31358428805237315
0.352645935624659
0.3409321175278622
0.3805724417426545
0.3976256552574777
0.4400246685168054
0.582704186684969
0.6296042095630291
0.5696704213600334
0.6178556528994577
0.590760973739697
0.6438566225800268
0.41322092867656895
0.4552388598956242
0.33889798145117295
0.3698854337152209
0.3107149702894384
0.3390837646156795
0.30969267139479906
0.3373995271867612
0.3094089834515366
0.3396690307328605
0.3180182958166307
0.35234864837085
0.3404255319148936
0.3777167696179364
0.38680851063829785
0.425531914893617
0.475531914893617
0.5195035460992907
0.5258077226162332
0.570133963750985
0.5321065746597662
0.5821353268161779
0.503719079743989
0.5526725480020758
0.3585359675785208
0.395516717325228
0.31078649306658196
0.3408489467555838
0.29447197124259206
0.32099485086952295
0.29238770685579196
0.31886524822695034
0.2987234042553191
0.32680851063829786
0.3150534412146639
0.3445210268704425
0.33976063829787234
0.37333776595744683
0.3557104426510149
0.3904377598434825
0.39339991315675205
0.43016355478361556
0.5124113475177305
0.5547675334909378
0.6023640661938534
0.6463356973995272
0.5772261623325453
0.6140661938534279
0.5315771698750422
0.5795339412360688
