0.6231352408901932
0.6769381266813402
0.6494734579840963
0.6997635933806147
0.5062253743104808
0.557919621749409
0.41570237650864755
0.45614035087719296
0.3591616386154335
0.39081189795702337
0.3463190490460494
0.3781839976026371
0.33835697399527187
0.37194641449960597
0.34659266111625037
0.38092301367046977
0.35586822237474264
0.3933882406771906
0.36943907156673117
0.40709219858156026
0.3914290025652633
0.432925909159499
0.49722062488019936
0.5393904542840713
0.5430904792606921
0.5950999355254675
0.5508274231678487
0.599290780141844
0.43848288621646625
0.4814986123959297
0.3464358696958769
0.3810554153143407
0.3112223612849395
0.3409470171047142
0.2921219091431857
0.32010734138393715
0.3151656465559118
0.34421451471874087
0.3043894958788576
0.3349626221966647
0.31832665227669854
0.3509096515572001
0.3416075650118203
0.376241134751773
0.36115657392253137
0.39784506273867976
0.42570077676460655
0.46504559270516715
0.4986828774062817
0.5424518743667679
0.5733935095637223
0.6168063614872126
0.5253682487725041
0.5701036552100383
0.41148658044778197
0.4522319566124322
0.3327877795962902
0.36606655755591927
0.30296673658975126
0.3309359704325242
0.29010925819436456
0.3204907034694269
0.2982609540464393
0.32808704945108325
0.3055100927441353
0.341189307146754
0.31867612293144204
0.35543735224586287
0.3366066557555919
0.37820512820512825
0.35526966848095004
0.4016163615371928
0.4228976697061803
0.47436676798378924
0.5048758865248227
0.5609485815602837
0.5229058846080122
0.5658424381828637
0.43570767807585564
0.4862781375269812
0.35364827503305685
0.39511960572184157
0.32168942521435373
0.3585265163543982
0.2984802431610942
0.33606889564336373
0.2925781640195784
0.3321346518829288
0.3166393889798145
0.35613747954173486
0.32155307128260613
0.3619425411708138
0.3586626139817629
0.40440005789549865
0.4289091523134076
0.4750084430935495
0.4707193515704154
0.5144883485309018
0.4480243161094225
0.4948328267477204
0.4455355519185306
0.4889979996362975
0.3778481967707862
0.4208540817866305
0.30366430260047284
0.3377068557919622
0.2695035460992908
0.30075033405283175
0.26143981346546197
0.2923345963276013
0.26078205865439913
0.29164270653632357
0.27821681864235054
0.3138804457953394
0.29252591380250953
0.32875068194217133
0.297627781853754
0.33125458547322084
0.32765957446808514
0.3670921985815603
0.3902482269503546
0.4397163120567376
0.4434840425531915
0.4875886524822695
0.5513002364066194
0.6078014184397164
0.5848024316109423
0.6328267477203647
0.49777337951509154
0.5517070757050965
0.42021276595744683
0.4633115111838516
0.3470449172576832
0.3879432624113475
0.34357762017336485
0.3787008893391872
0.3438608156028369
0.38054078014184395
0.36086068037023683
0.39944704892414956
0.3625886524822695
0.4010891590678825
0.3836740369906828
0.4183006535947712
0.4189022510021585
0.4546716003700277
0.3651063829787234
0.3957446808510638
0.5112462006079027
0.5509625126646404
