0.4724371373307543
0.5128949065119277
0.53383170404447
0.5748514471918726
0.5561118064246975
0.5978306216103463
0.54878282537857
0.5921027410389113
0.58654399079931
0.6296722254169063
0.4460992907801418
0.4900709219858156
0.36361589553078916
0.39851401553529214
0.3167515732694036
0.349915093397263
0.30352693118650564
0.3369752731454859
0.3053531526279996
0.33789954337899547
0.27966264136476904
0.317232125742764
0.2884160756501182
0.32665227669853014
0.31265777136675077
0.34847938454141125
0.33180364344319285
0.37004589069670424
0.3904441955953714
0.43467711832773426
0.5008007320979181
0.5488446579730039
0.4833606110201855
0.5295508274231678
0.3731052704769851
0.4245584758726185
0.31849427168576105
0.35962902345881065
0.27886524822695036
0.31460992907801416
0.28387458006718924
0.3180291153415454
0.298455260856893
0.3316817254444768
0.30397951142631996
0.338849487785658
0.32455251604187774
0.3627152988855117
0.35410334346504563
0.3932370820668693
0.39420803782505914
0.4370567375886525
0.46883165360209034
0.513437849944009
0.538147431764453
0.5845690952073931
0.52876280535855
0.5738770685579196
0.46131528046421666
0.5124113475177305
0.357471693417942
0.40176682841856415
0.30559966126812743
0.3419074838573092
0.284562323909453
0.3174001748761294
0.2807168870998658
0.31426106958021854
0.2856047536898601
0.3200115008625647
0.29417206290471787
0.333950046253469
0.3431442080378251
0.3813238770685579
0.35870158210583747
0.39579923622476815
0.4645390070921986
0.5054964539007093
0.5102442868400315
0.5520094562647754
0.5718338399189463
0.6143870314083081
0.5477359519912711
0.5991998545190035
0.4031847986083233
0.4415897230028101
0.3395526459356247
0.37021276595744684
0.3125492513790386
0.3402285263987392
0.31991566034119223
0.3479969331033161
0.33023673958645494
0.3581060833083608
0.34413529732678666
0.3740316421167485
0.34557309540150993
0.37817433081674673
0.36446020488573677
0.40084055686892567
0.4408983451536643
0.4908814589665653
0.5450247152374812
0.5968192563937245
0.544809800128949
0.5961745110681281
0.5533733406073831
0.6015639207128569
0.43899261832392533
0.48501953973078593
0.3498055364905056
0.3864104323953329
0.3255216363449481
0.3580018501387604
0.3139026522879627
0.3469348100650928
0.3105437352245863
0.3446808510638298
0.33723918182752594
0.37321410216877376
0.36136968085106386
0.3972739361702128
0.39019987105093484
0.4272082527401676
0.4729206963249517
0.514829142488717
0.5299980831895725
0.5691010159095266
0.6019772189984955
0.645604986030518
0.5638297872340425
0.60675625233296
0.4673142152328092
0.511255010792476
