0.4487293144208038
0.4867021276595745
0.5278088839119074
0.5692422545726017
0.5734251147267418
0.6193158114309554
0.5969962453066333
0.6460158531497706
0.5400981996726678
0.5922895071831242
0.39307146753955263
0.4358974358974359
0.33243273668805584
0.3641787684340876
0.3017223910840932
0.33009118541033433
0.29612357913144854
0.3227436121636063
0.29427629607431827
0.3225452002796923
0.2898811307561682
0.32104684846668663
0.31577169875042216
0.34796802881909267
0.3356973995271868
0.3737851326503809
0.38912529550827424
0.4326241134751773
0.4901497241922774
0.5376280535855004
0.5837765957446809
0.6349734042553191
0.586682427107959
0.6390858944050434
0.4389775413711584
0.4878841607565012
0.3651881235725448
0.4014905637696839
0.32490492342481236
0.3580018501387604
0.3128447596532703
0.3426910953506698
0.3076241134751773
0.3387509850275808
0.33021706425961744
0.3635289060820976
0.34670387164283223
0.38216486455063364
0.3655705996131528
0.40219213410702775
0.40110323089046496
0.44239558707643817
0.47766915852022235
0.5232892466935021
0.5106382978723404
0.5589941972920696
0.5760195035460993
0.6192375886524822
0.5319148936170213
0.5901859306114625
0.40127659574468083
0.44851063829787235
0.3226369026857342
0.36332984536681784
0.2998539841468502
0.336462244472257
0.29237838377784436
0.32953750874038557
0.3019678353810808
0.3376286085306163
0.328042328042328
0.36282787346617135
0.3123999084877602
0.3454587051018074
0.3102836879432624
0.34929078014184395
0.3669800428830612
0.40639947220847766
0.42840713053479007
0.46923519263944796
0.49937421777221525
0.5415102211097206
0.4808510638297872
0.5237588652482269
0.4228157537347216
0.47095216538403495
0.3342789598108747
0.3715130023640662
0.28470111448834856
0.3148936170212766
0.26921602453517346
0.30007667241709796
0.2639447958596895
0.2941345600920069
0.2809127351218008
0.3143180182958166
0.2795596485656822
0.31099820048692706
0.3033749082905356
0.3356566397652238
0.3201223751912113
0.35836462244472256
0.36879432624113473
0.4090987718387822
0.4492464539007092
0.4904698581560284
0.4601585314977054
0.502503128911139
0.46595744680851064
0.5086879432624113
0.4093858457824053
0.46189829485438355
0.33814160355811995
0.383098930159875
0.3144571740316421
0.3531914893617021
0.3342860167248862
0.373346035778554
0.3406372393352387
0.37906213612787126
0.35494765281999324
0.39468647979286275
0.37136219124480313
0.4046221570066031
0.3826950354609929
0.4204255319148936
0.4592631032693305
0.48936170212765956
0.49310480693459413
0.5279747832939322
0.5721040189125296
0.6155168708360197
0.513911620294599
0.5561011092925986
0.4438791242676534
0.48442799876657416
