0.594455190199871
0.6366860090264345
0.7704154002026343
0.8074974670719351
0.70262246412667
0.7525977238990599
0.5208558721000119
0.5631686500781344
0.4231056364315043
0.4554871220604703
0.3792676892627412
0.4062345373577437
0.35971936246472963
0.3842751468008846
0.3526358119470644
0.3760327557212839
0.34693280690209843
0.3706222124734957
0.35702595277063365
0.3832904683968514
0.3894503546099291
0.4172872340425532
0.43444782168186424
0.46575481256332324
0.49595620256314543
0.5346522334204304
0.6246082797295068
0.6666666666666666
0.7063446425148553
0.759440291355185
0.7486815784688126
0.7945080923804327
0.5835071617299402
0.6408010012515645
0.42727926816733475
0.46808510638297873
0.3409261576971214
0.37154776804338757
0.31938274491465984
0.3487647104668381
0.30407801418439717
0.3309692671394799
0.31117021276595747
0.3389479905437352
0.3179287729733852
0.3442385419049798
0.34609929078014184
0.37488527325823945
0.3889208357293464
0.4218899750814644
0.4432061240571879
0.4791174152876281
0.5091663321289978
0.5469021811856015
0.6204061895551257
0.6574790457769181
0.7368421052631579
0.7792086599477417
0.682058246567074
0.7217443790553796
0.5810625855418688
0.6239890506407864
0.4886524822695036
0.5219858156028369
0.42648330738626533
0.4546791212592977
0.4027412542832098
0.4303131723643318
0.3985027580772262
0.42663514578408196
0.397959996812495
0.4263287911387362
0.4163639508735513
0.4466355301850891
0.45420037958245935
0.4856657676555789
0.48782505910165486
0.5228132387706856
0.5453900709219859
0.5812765957446808
0.644565396668316
0.6801913244268515
0.740134569921804
0.7859610838334242
0.6893308664816528
0.7358926919518964
0.558541744432002
0.6022147567500311
0.4455455163703488
0.477217526474303
0.37889027951606175
0.40417188151856487
0.3605865009164077
0.38513028926607695
0.3682301740812379
0.3924081237911025
0.3583552474300741
0.3835365367758387
0.35561118064246977
0.3827284105131414
0.3775922434688931
0.4060508124607236
0.4211514392991239
0.4516061743846475
0.48092443140132063
0.5101491807287846
0.5245445696008899
0.5590321234876929
0.5296985815602837
0.5667848699763594
