0.6153326578858493
0.6602499155690645
0.6687943262411348
0.7083333333333334
0.6723081882656351
0.7132495164410058
0.6587234042553192
0.7038297872340425
0.5299202127659575
0.567154255319149
0.44846642718983143
0.4799668416689693
0.42622383670645214
0.4575332987372427
0.4152234867227445
0.44433448787728846
0.4074345805820494
0.4355588163365126
0.4128493950771798
0.4431372549019608
0.4432163581099751
0.4744404531638574
0.4835397480681698
0.5173070816132105
0.5280577329849446
0.5647629712579321
0.6301264261486278
0.675609004008634
0.6983220896038748
0.7353399065905553
0.7204354280059376
0.7568860300181429
0.727104532839963
0.7711995066296639
0.5326906028368794
0.5718085106382979
0.4326241134751773
0.46320921985815605
0.3835303388494878
0.4106382978723404
0.3776405094181347
0.4027301151529017
0.3654310155735907
0.3904364992322878
0.35921620238356367
0.3845872632887329
0.37087573234659266
0.3985507246376812
0.41038437965151914
0.43954119604237807
0.46160081053698077
0.4919959473150962
0.5061906479144128
0.5416516408222143
0.6362490149724193
0.6814814814814815
0.6868794326241134
0.726418439716312
0.7368967306694344
0.7747794499221589
0.6287943262411347
0.6794326241134752
0.4551165146909828
0.49260385005065854
0.3735502711722987
0.4034209428452232
0.3314471103063226
0.35981590463256374
0.3218542077941069
0.3465672296556262
0.33564762971257933
0.36117954460619633
0.3429974281038111
0.36996336996337
0.3617886178861789
0.39231966787752987
0.3943065405831363
0.4294720252167061
0.4724319377716769
0.5109814687714481
0.5695035460992908
0.6130496453900709
0.6779103961252378
0.7247880989448192
0.6498433118918028
0.6909120897245589
0.6163645915418965
0.6524822695035462
0.5410017730496454
0.5791223404255319
0.4710968619450112
0.5021859516176043
0.42074681705545586
0.4479193369221567
0.4045813972446401
0.43221651585554743
0.3837496145544249
0.410268270120259
0.3768217598004832
0.4027745304341049
0.36661831076724694
0.39603481624758224
0.38797963266048374
0.41971267503182397
0.4082777601354928
0.44236265481105114
0.46099290780141844
0.49931566504914765
0.5667454688731285
0.6107171000788022
