0.48824920038937564
0.525657071339174
0.6619961944300294
0.7043764054661823
0.6749697284206885
0.7109496626881163
0.7448538315170387
0.7825635703165542
0.6697695035460993
0.7121749408983452
0.5115248226950354
0.5483156028368794
0.4264650989175065
0.45520716685330354
0.379927428665677
0.40475012370113805
0.36748381128584645
0.39122725871107
0.3772114410412283
0.4009819967266776
0.3761255876962308
0.39979281217626905
0.3959810874704492
0.42207024653833164
0.4411736131351404
0.46993102108228896
0.4973544973544973
0.5294382528425081
0.5722430816298151
0.6109025170351828
0.7134751773049645
0.7558510638297873
0.7397708674304418
0.7783233315148208
0.7882719252724442
0.8294412731361356
0.576334453154162
0.6205051636182655
0.45312348197804336
0.4865442533760808
0.393825615352524
0.42069253233208176
0.36971939562133826
0.3934628430465618
0.36103023516237404
0.3848450914520343
0.3519970138111235
0.376782381485629
0.37335941958098967
0.39903806961767346
0.41291332780694484
0.4410979091830156
0.46279242087435163
0.4946543876362867
0.5382333978078659
0.5775628626692456
0.6640277090549233
0.7143328385287812
0.7439141268928503
0.7889591719378953
0.7709219858156029
0.8140070921985816
0.6027004909983633
0.6505728314238952
0.4655446173388377
0.502170001058537
0.37054548638472984
0.4002276508186674
0.3393099051717268
0.36696151087736073
0.33270984334814124
0.35998753020029617
0.35697399527186763
0.3874622972201842
0.3622931442080378
0.3931104356636272
0.3869503546099291
0.4211820330969267
0.4397163120567376
0.47661790780141844
0.5077488836354085
0.5479380089309167
0.6123468729851709
0.6521598968407479
0.6933987997817785
0.7348608837970539
0.7329181802456323
0.7735685867496973
0.6390215660732378
0.686206397452598
0.454928564086751
0.48833384726076673
0.3899833639786358
0.41616320812538304
0.3587536855526337
0.3825005976571838
0.3578832515002728
0.3801730184708908
0.35721040189125297
0.3798266351457841
0.35509348807221147
0.38201160541586077
0.38692880869018764
0.41556692701319686
0.42727926816733475
0.4587316270942543
0.4823917828319883
0.5167522621667889
0.5332175423360834
0.574178607613258
0.595249876298862
0.6457199406234537
0.6672417097949013
0.715737013609354
