0.5465045592705168
0.5892603850050658
0.626858842370167
0.6703271562571493
0.6520650813516896
0.6942010846891947
0.5401616361537194
0.5835395018967507
0.43481624758220505
0.470535138620245
0.365892972275951
0.3950139694820546
0.3374288282888822
0.3639996004395165
0.33084147977765
0.3557600153344834
0.33906538424171767
0.36714271835227824
0.33156028368794327
0.35973207249802996
0.33677513558614935
0.36524822695035464
0.35953840605842047
0.3901911287414353
0.40628166160081053
0.44275582573454914
0.5422656699252444
0.5846271803718612
0.6105738233397808
0.6505480335267569
0.6191883372734437
0.6644996059889677
0.5696808510638298
0.6148936170212767
0.42076079948420375
0.45828497743391367
0.34891467870191273
0.3811519449817322
0.31380549888273584
0.34129991256193526
0.30506037952846465
0.33256660916235387
0.3026315789473684
0.32978723404255317
0.3009929078014184
0.32832151300236406
0.30952380952380953
0.34072948328267477
0.3421695151726543
0.37344494826183
0.3779724655819775
0.4146850229453483
0.4891750653228817
0.5354609929078015
0.6058110272248913
0.6559139784946236
0.5942845223195662
0.6439299123904881
0.5268984604739665
0.5806953814218994
0.39273049645390073
0.43249746707193515
0.33030871923237376
0.3595118898623279
0.30553191489361703
0.3311583924349882
0.30201713180436585
0.32688588007736946
0.2990697246016395
0.32587270885143227
0.2985342789598109
0.32567375886524824
0.31514030218933087
0.34278959810874704
0.34956124534198824
0.3826181031373963
0.4014479905437352
0.44163711583924353
0.47226768503364247
0.5151845790143662
0.5917553191489362
0.637854609929078
0.6326658322903629
0.6725073007926575
0.5080593165699548
0.5544809800128949
0.4052869116698904
0.44294003868471954
0.336462244472257
0.3669169795577806
0.3174001748761294
0.3448945885553289
0.32458952686291653
0.3519867871368892
0.334831685146339
0.36250124862651084
0.33959115561118064
0.3680642469753859
0.33433067375886527
0.3646941489361702
0.37883045630938045
0.41335474374414555
0.45059101654846334
0.48731284475965325
0.5638297872340425
0.6026398739164697
0.6080517313308302
0.646433041301627
0.5899589399029489
0.6326987681970885
0.4495585468229845
0.49051961210015926
0.3494015957446808
0.3796542553191489
0.3140096618357488
0.3419673142152328
0.2941805110269115
0.3186631691440785
0.28699115904012434
0.31361119207228216
