0.6176248679643881
0.6668175645088276
0.6433041301627034
0.6911417049089139
0.5511479745161678
0.5967063348960212
0.4298245614035088
0.4622060470324748
0.3921326076199901
0.42157347847600196
0.38983451536643027
0.4178092986603625
0.38983965464076475
0.4156645081714462
0.39330181245074863
0.4197005516154452
0.4027355623100304
0.4307666328942925
0.44573982318080246
0.477217526474303
0.4817066306428009
0.515479004840707
0.5448949551719523
0.5853071055800882
0.6699653636813458
0.7057562262906152
0.7280701754385965
0.7668906308324002
0.7616329354782909
0.8052240096869053
0.5827646192961328
0.6312056737588653
0.4645390070921986
0.5014601585314977
0.3834111745372773
0.4148071267946722
0.37706855791962174
0.40467747382641
0.34927171509189353
0.3761153054221002
0.3411118737131091
0.3686418058415313
0.3254617722702829
0.35609071779284546
0.35418268819960697
0.38528582414765444
0.3718060818031672
0.4054211600116584
0.4397163120567376
0.475177304964539
0.5027277686852155
0.5424168030551009
0.5997743391360413
0.6376531270148291
0.7197672304055283
0.7650481905801055
0.679463459759482
0.7291088498304039
0.5474215650919582
0.5894939295588412
0.43300236406619386
0.46543735224586286
0.3741547088899884
0.40194623123866074
0.3585846777336139
0.38360221338944744
0.3463979096677865
0.3708100037327361
0.3503847894975102
0.3752074845329712
0.37872340425531914
0.407008760951189
0.4060508124607236
0.4360355507675734
0.44974670719351567
0.4825734549138805
0.5189532893127904
0.5560039129371485
0.5686524822695036
0.6106382978723404
0.6534954407294833
0.695710908476866
0.6936516173672376
0.7403563397336101
0.6601418439716312
0.7002836879432623
0.590975788701394
0.6331621423330888
0.49533941236068896
0.5297872340425532
0.44806535595654906
0.47876829158811385
0.4347863691402871
0.46609583117107767
0.4407541947759903
0.47215014703338526
0.4476164826286022
0.4805637848999012
0.4599242203439231
0.49528805984649765
0.5016323314195655
0.5331532140042778
0.512791286727457
0.5469858156028369
0.541033434650456
0.580836589955131
0.6353572046358761
0.6744507870610621
0.6540390935824252
0.6946895000864902
0.6287388220783225
0.6711378353376504
0.5181104356636271
0.558257345491388
