0.44961583924349885
0.4863327423167849
0.5045473508552357
0.541677096370463
0.5679588069561838
0.6093461575828233
0.7400771432126415
0.7877317406992659
0.8096231400361563
0.8563482130440829
0.8198849190418842
0.8655158570855078
0.7483535967578521
0.8153495440729482
0.5710153042179917
0.6231802911534154
0.45062152062838406
0.4905056051246854
0.4104523858706879
0.4420574261516216
0.38284859132018995
0.4132344329494437
0.3827887537993921
0.41299392097264437
0.3829148297233404
0.4156283943517986
0.4003305102251601
0.4360669283205949
0.4287991074986055
0.466013228145669
0.4558603956700261
0.4974804031354983
0.5535402860132543
0.6079525636553889
0.6938079650845609
0.7461811238406983
0.7008381689232752
0.7486782720825274
0.7500311061341296
0.8106258554186885
0.6210739614994935
0.6790273556231003
0.4837835684118257
0.5235476930432703
0.4231678486997636
0.4582116534557085
0.3949960598896769
0.4296033622274757
0.39663286272950227
0.4324915490157089
0.39401103230890466
0.4304570527974783
0.4331914893617021
0.47049645390070927
0.4969430178527757
0.5334637645716149
0.5852980640214683
0.6238259536131876
0.6788416075650119
0.7265957446808511
0.91581868640148
0.9574468085106383
0.8575886524822696
0.8984397163120568
0.8180578286961265
0.8869339879978178
0.6793639899336537
0.7437657286662092
0.5338652482269504
0.5809397163120567
0.46800884618317695
0.5053763440860215
0.4427659574468085
0.47531914893617017
0.4140329133099222
0.4476347862011981
0.4063011456628478
0.44073922531369336
0.42286356295203986
0.4576223579804789
0.4821898159215874
0.5198023746912105
0.5538362346872986
0.5925209542230819
0.646165780141844
0.6894946808510638
