0.5116636759805178
0.5549859010510125
0.6285714285714286
0.6709219858156028
0.7676038500506586
0.8168693009118542
0.842127659574468
0.8878014184397164
0.8314559866499791
0.8755388680294813
0.8188761593016912
0.8737043098745226
0.7643399278337688
0.8311559039442579
0.5690338030763562
0.6246661140278161
0.4880652787310302
0.5245176542362541
0.408705326102072
0.4458350716172994
0.40863579474342926
0.44576554025865667
0.41067207024653835
0.44714623438027695
0.40634920634920635
0.4424856467409659
0.40962611030778767
0.44605109137230603
0.4438534278959811
0.4821217494089835
0.5095876017861833
0.5531039313545224
0.5095876017861833
0.5531039313545224
0.6133738601823708
0.6564336372847012
0.7563767574965784
0.8012940151797935
0.861418439716312
0.9055319148936171
0.8839195252569113
0.9300911854103343
0.8050958760178618
0.8702390333596007
0.8078539532440241
0.8726030995534542
0.6048632218844985
0.6588652482269504
0.4848484848484848
0.5256286266924565
0.42148936170212764
0.4569503546099291
0.3917279777291708
0.4215549811095645
0.38714295009434574
0.41824451818595876
0.38805387468280306
0.41896024464831805
0.38993958497504594
0.423364854215918
0.40661938534278963
0.4432624113475177
0.4540618955512572
0.49314958091553834
0.5022222222222222
0.548274231678487
0.6264387861876526
0.6809673293803047
0.6264387861876526
0.6809673293803047
0.6964539007092199
0.7491940683430045
0.7752318603382433
0.8289689034369886
0.7470019342359768
0.8121212121212121
0.6003700277520815
0.6594716825984172
0.4853773209020639
0.5315961431189736
0.4853773209020639
0.5315961431189736
0.43166939443535185
0.4695171849427169
0.39492684173535236
0.4309628777713884
0.37178051511758115
0.40381983327112103
0.38496951598855295
0.4187507776533532
0.41287200901438326
0.45449724928746604
0.4105521309736859
0.45303904023331343
0.44106009705113847
0.4901082493467712
0.5548550914981175
0.5965327029156816
0.6496242193288875
0.6940827776013548
