0.7492051846417217
0.8173147468818782
0.5843183609141056
0.6382978723404256
0.500996095306399
0.5423539724280819
0.4444444444444444
0.4792606920266495
0.4190594229842319
0.45596639812710865
0.4114150624788923
0.4458628841607565
0.4268660908644056
0.4619759848325258
0.4555431131019037
0.4931690929451288
0.5049299429164504
0.5460992907801419
0.5585585585585585
0.5998658232700785
0.675531914893617
0.7260047281323877
0.4578222778473091
0.4889445139758031
0.7582085631731021
0.8107433674809561
0.7387084733109369
0.8027871096180167
0.5626477541371158
0.6150512214342002
0.45382102159534626
0.49191170611204077
0.400112351660698
0.4315708166561337
0.3792988090458986
0.4102769971898836
0.3919931066481076
0.42195267448796975
0.3878836084045867
0.4210247232716909
0.34721721360740476
0.37841086669070806
0.254716543827933
0.2803040838084643
0.148660209178464
0.16243066479013163
0.16099566741176147
0.1741038165411044
0.3240500490111284
0.34728708989217555
0.31168063614872127
0.33306468944766815
0.712946267580238
0.7673999278759466
0.5619858156028369
0.6169267139479905
0.5185953987199446
0.5672029060716138
0.4375228485779045
0.4750310740659501
0.4127795962902346
0.44646753955264595
0.39979736575481256
0.43343465045592705
0.4174849972722313
0.4514457174031642
0.44408625259689094
0.4768249874632854
0.46338353653677583
0.5071320423938163
0.5193884130054343
0.566546928249056
0.35925654194179507
0.3824284666177549
0.35583272193690385
0.3791880655416972
0.3284926263649668
0.34796802881909267
0.7469604863221885
0.8002786220871326
0.7178486997635934
0.781678486997636
0.5779183438757907
0.6287138202031819
0.4922630560928433
0.5338491295938104
0.43617021276595747
0.47429078014184395
