0.5521141933746297
0.6047221474100009
0.4730188097440642
0.5185013876040703
0.43985675163261007
0.4756688434800927
0.4186423505572442
0.45180682201958794
0.4118777755683701
0.4491283886789952
0.41415763414960527
0.4498193496587716
0.43079839898883504
0.4686468646864686
0.490006447453256
0.5282076079948421
0.553471444568869
0.5936916759985069
0.6984671699839854
0.7423930450697781
0.8610763454317897
0.9047420386594354
0.7967349123511307
0.8513314599223872
0.7989684074790457
0.8684719535783365
0.6472402096823928
0.7038750128481859
0.4950195234680054
0.5374133397083433
0.42995576153360016
0.46941928235376723
0.41060452549814247
0.44876730834177647
0.39974812752701
0.43699874063763505
0.39151562910428156
0.42704229051746784
0.4316211763020274
0.47130883301096066
0.48791102514506773
0.5269181173436492
0.5691010159095266
0.6107916427065364
0.6930908258979638
0.7340425531914894
0.8425810040328188
0.8879154498678905
0.8290635403097408
0.8823273990447243
0.7630445795339412
0.816742654508612
0.6006139515190008
0.649518365618715
0.4969665897633086
0.5368708878065453
0.4281176122931442
0.46114066193853426
0.40948839771397094
0.44081801280727123
0.39843436370935364
0.43121905526562293
0.39702803107058426
0.4308679500168862
0.4156584619663468
0.4531358642747879
0.4872662798194713
0.5266763378465507
0.5328732988307456
0.5760015334483419
0.6077200325543541
0.6565515637716545
0.6811043566362716
0.7325227963525837
0.7801418439716312
0.8330605564648118
0.7798791699500919
0.8480430785395324
0.661974904528096
0.7242771412984179
0.4974551522736754
0.548936170212766
0.43333333333333335
0.4676595744680851
0.42031312725812925
0.45590793523350726
0.4231678486997636
0.4636946977372509
0.4152034703573642
0.45534669145493356
0.44410323901440374
0.48804562404035967
0.512187168826934
0.5553109969837776
0.6047799475371612
0.6473331390265229
0.6769503546099291
0.7075650118203309
0.7356973995271867
0.7689519306540583
