0.3490595127967931
0.38924863809230137
0.4136314460872701
0.46039187402332016
0.49600120718273727
0.552286102308737
0.6277554149894575
0.6873682192831129
0.6457537734133479
0.6935806510274596
0.6863313990973565
0.7322695035460993
0.5628515529469308
0.6022254830031792
0.4629097182288672
0.4971247843588269
0.41413373860182373
0.4455420466058764
0.40959532749269917
0.44105131414267834
0.39520665199315236
0.4305046058531018
0.3805331376864759
0.41648324773783324
0.3818543504583982
0.41757481404601277
0.3922469374597034
0.43697614442295296
0.3672630560928433
0.4134429400386847
0.36553354528409554
0.40401076057715823
0.4001115626743167
0.4490397641246315
0.4056888486494643
0.4557869322468689
0.38920112404656765
0.43496587715776797
0.35390657054099994
0.390715667311412
0.31616274729376637
0.3465578840718818
0.295256777828077
0.32171419948694735
0.23976359338061465
0.2570685579196218
0.24316109422492402
0.2609376439163673
0.2405399222145962
0.25811027224891325
0.23029055136124454
0.24795241363532372
0.22196293754289637
0.23944177533745137
0.20498741706703272
0.21981239990848775
0.17861498848082397
0.1930252518408095
0.17418261296221957
0.1872518845622017
0.16660296428419755
0.17853654393340979
0.18374873353596757
0.19481256332320163
0.17589395120864432
0.19059819538821432
0.16500496796518999
0.17905231781272485
0.1582952815829528
0.17079568638880793
0.15540074060126782
0.16751396472729554
0.1569031774299372
0.1684631486862249
0.15231193285639072
0.16398773576140482
0.14936786925686094
0.161054579093432
0.1461917977181622
0.1574468085106383
0.1383595436324391
0.1486586493987049
0.12963305581251927
0.13922294172062905
0.12090656799259945
0.13102065988282455
0.10897842160857099
0.11767013731703636
0.11524086989788411
0.12380447897354403
0.13052482269503546
0.13895035460992908
0.1314331593737455
0.14219189080690486
0.13002364066193853
0.14043067118922808
0.1260807458085858
0.13673157406711273
0.12881236999724333
0.13938801593865124
