0.6723404255319149
0.7145390070921985
0.6926137346479848
0.738799515654731
0.696423065063213
0.7445266728337959
0.5277968428277282
0.5721802791123313
0.4455190199871051
0.48088790641982126
0.39184397163120566
0.42254996776273374
0.3707986432315757
0.40194264569842736
0.37060510034706506
0.4014637090689603
0.36849570735349013
0.3952220977976857
0.3851851851851852
0.41292356185973206
0.4131638124891887
0.4415326068154299
0.4537009289781241
0.4865647787433822
0.5018632047121049
0.5391272989542012
0.6140918902251001
0.6569534381745298
0.7209124017634656
0.7665324899367453
0.7374156720290607
0.7775471371734994
0.591231463571889
0.6382978723404256
0.4889505601809025
0.5275979031760716
0.4102366914466376
0.4430487909083141
0.387919356123994
0.4223444099131405
0.3772592084191261
0.4127964615267292
0.37817433081674673
0.4092122321360482
0.3829787234042553
0.41565064945413976
0.42667016898695387
0.4608177917870589
0.46633775310926096
0.5024154589371981
0.4874383940377449
0.5249429017910806
0.5886524822695035
0.6321513002364066
0.700447928331467
0.7446808510638298
0.7220533603512327
0.7610604525498142
0.6425259138025095
0.6905346426623022
0.5095797607706151
0.5471578278818672
0.4222047106207863
0.4523246650906225
0.39320468414976084
0.42132607619990103
0.39747486555997197
0.42631127737510716
0.3755879059350504
0.40485255692422545
0.367077267637178
0.4017170586039567
0.36068895643363724
0.3928766269191801
0.37872340425531914
0.4140957446808511
0.40425531914893614
0.4442388734710659
0.47986322188449854
0.5272289766970618
0.5757875639122546
0.6224641266699653
0.5920373952288847
0.6408768536428111
0.656107171000788
0.7033884948778566
0.5160185864514552
0.5648080215211544
0.42304006133793365
0.4618554724937704
0.38086795001688617
0.4092367443431273
0.37365527133636145
0.4009084389194358
0.381384970914017
0.4099928281137939
0.3739073066138875
0.4036780471713673
0.3638643833246843
0.4006227296315516
0.38326624496837264
0.42208165612420934
0.42309397163120566
0.47285017730496454
0.5081833060556465
0.5642389525368249
0.5789655768898115
0.6303407714928213
0.6312056737588653
0.6936170212765957
0.6497145822522055
0.700570835495589
