0.324859537625495
0.364741641337386
0.3837088026700042
0.42813934084272004
0.4487993032225955
0.4984446932935174
0.566903073286052
0.6219070133963751
0.6559374431714857
0.7095835606473905
0.5967578520770009
0.636850484874801
0.5879059350503919
0.6294637302476048
0.5159309833809675
0.5530856356515296
0.44617203127841426
0.48226950354609927
0.42336965922850717
0.46056045666839646
0.4020025031289111
0.4365456821026283
0.3904832591126505
0.4277585353785255
0.39159067882472137
0.42992232353934484
0.5922709509335649
0.6348241424229266
0.4210860590663703
0.4617338837726262
0.4295293359123146
0.4756931012250162
0.5474187695860135
0.6015174006267524
0.6154878282537858
0.6689668391796051
0.6544826332060375
0.7054009819967267
0.6090606455348097
0.6608771168041685
0.507313829787234
0.5483156028368794
0.4579260111175005
0.49405788767490894
0.40557479795480783
0.43443839683325086
0.3922773837667455
0.42174940898345153
0.3940456706414153
0.42140129374171925
0.3958234830575256
0.42592592592592593
0.40584063412599086
0.4367125573633709
0.4362635311683464
0.4670586039567003
0.4690671031096563
0.5018003273322422
0.5198715375351265
0.5570721263214238
0.616031667491341
0.6577601847270328
0.6606655755591926
0.7057646844880887
0.7214250371103414
0.7623288800923635
0.5795339412360688
0.6237335359675785
0.4536092490041776
0.4907218498008355
0.3885511651469098
0.4221546774738264
0.3644911945174914
0.3938959279623874
0.38305931656995484
0.41078336557059963
0.3867666021921341
0.4151353965183752
0.3932415519399249
0.42411347517730497
0.42077385761738034
0.4528234132327857
0.4581149141741186
0.49285640867509506
0.4978963817766558
0.5331169611732179
0.5862381167949299
0.6309038780745435
0.7092198581560284
0.7568951930654059
0.7247832939322301
0.7641843971631206
0.7044367474847435
0.7504535708395184
0.5918875202189872
0.6368047779022022
0.4997430362832768
0.5372597389248638
0.4553744128212213
0.49074329925393756
0.4358637597408283
0.47255056474914636
0.44024822695035465
0.47606382978723405
0.4592428847747997
0.49525651653311226
0.4672859854160423
0.5064429127959246
0.49881796690307323
0.5402454125858381
0.5437782076079949
0.5863313990973565
