0.4545174221399938
0.48956727310103815
0.5001803101334296
0.5414112273109749
0.5433492545954552
0.5863366623245043
0.5914563747319809
0.636483588982352
0.7377912867274569
0.7868287740628166
0.735609434273462
0.7776678212106217
0.5979843225083986
0.6440214010202812
0.47757331799884994
0.5145677592486103
0.4287859824780976
0.4616604088443888
0.40927563949318674
0.44011475017929713
0.40385235332043845
0.44116698903932944
0.40111218568665374
0.4354448742746615
0.40998034691959323
0.4444159617192173
0.44972311279510346
0.48576702613426603
0.48726892221834667
0.526682943843739
0.5235711305798916
0.5722430816298151
0.6291793313069909
0.6725768321513002
0.7074947287713246
0.7481311098332375
0.69424743892829
0.7341213553979511
0.5672492401215806
0.6191742654508612
0.46988312855858555
0.5069423634002598
0.40721040189125296
0.43625464370145217
0.3821021595346243
0.4115865806040322
0.3769541676199192
0.40593304354457405
0.3683510638297872
0.3981973995271868
0.36633072041806647
0.3941769316909295
0.384201516263145
0.41281486916116406
0.39246569033803075
0.42341346596665747
0.43701452212090514
0.4728132387706856
0.5459545520335795
0.5872050948038791
0.6219312602291326
0.6706673940716494
0.6087745340590467
0.661223816592446
0.5387176147054566
0.5990736720220003
0.43871897163120566
0.4886968085106383
0.35000000000000003
0.38563829787234044
0.35395777288660635
0.3907230781772234
0.33483057525610715
0.36871552403467295
0.34464897601402505
0.38010996892182647
0.3603826488537028
0.39642091373907307
0.3873776820181345
0.42481371756890207
0.428973717146433
0.4698581560283688
0.4635607728050868
0.5062362435803375
0.5889748549323017
0.6381366860090265
0.6932624113475178
0.7383766745468874
0.6181758205508825
0.6620484908461158
0.540320462306278
0.5797215655371685
0.4557845744680851
0.49789450354609927
0.409015836005052
0.4490430389585155
0.36524822695035464
0.40496453900709223
