0.44275582573454914
0.4906281661600811
0.3806146572104019
0.41715022566086396
0.3440674717270462
0.37991182672033735
0.33278069448282216
0.36768904854011236
0.3267797827453093
0.3622407756531107
0.34543735224586286
0.379290780141844
0.3539390454284071
0.39294613762698866
0.37810283687943264
0.41988031914893614
0.4135396518375242
0.45918762088974857
0.47261204164780446
0.523766410140335
0.5395136778115501
0.5997973657548126
0.6021094744499
0.6601200218221495
0.650531914893617
0.7097517730496454
0.5987391646966115
0.6704491725768321
0.41548463356973997
0.46855791962174936
0.33090449820266205
0.37355484309725057
0.300179441168931
0.3399128428608049
0.2672469374597034
0.3004513217279175
0.24425220169901019
0.27690748967344714
0.1990596860307594
0.23523786755916803
0.1762917933130699
0.208628841607565
0.21134751773049645
0.24851063829787234
0.2348182624113475
0.2754875886524823
0.2906511927788524
0.3381044487427466
0.38862024500322373
0.4506769825918762
0.4778368794326241
0.5482269503546099
0.568830696490271
0.6313875250045462
0.5531914893617021
0.6221792392005159
0.3970386960308573
0.44917257683215134
0.32138346449043037
0.3648110366268338
0.2837723741979061
0.31560283687943264
0.26684397163120566
0.29658284977433913
0.25133476771057456
0.2773926209259702
0.27915223486722746
0.3078508988949365
0.2970843183609141
0.3306190351107609
0.33841288096607247
0.3737780333525014
0.3649667904987054
0.4052684903748734
0.38070386725545297
0.4192426067175164
0.4424915201973481
0.486740672217083
0.5128779395296752
0.5604703247480404
0.5770291568163909
0.6317966903073285
0.5997454082560466
0.6533915257319513
0.42
0.46709219858156026
0.33727344365642237
0.3726218619835641
0.2637531148169446
0.29001341767299216
0.2526259089684891
0.27919920998294284
0.2602751431256943
0.28821669657352816
0.24738264099966226
0.27245862884160754
0.29159847244953624
0.3226041098381524
0.295311268715524
0.3282111899133176
0.37832810138356004
0.4154168119986048
0.3996662494785148
0.43902099847031006
0.4915681639085895
0.5368006304176517
0.5450081833060556
0.5950172758683397
0.5712952594251587
0.6254199328107504
0.6002239641657335
0.6640537513997761
0.44185735313796337
0.4980596815201392
0.354287556415216
0.39802278100150446
0.28599060513954133
0.31979368149580917
0.27163975049132705
0.3020593010339229
0.26816854401335005
0.2988735919899875
0.23741979061127996
0.2727119216480918
0.20539380365808135
0.24038820455393803
0.21918727237876176
0.2535940195514664
0.2110201854882706
0.24789961811238403
0.22859675785207698
0.2650709219858156
0.2927418137920628
0.33635129017655047
0.3700051894135963
0.42414807126794674
0.4334584897788903
0.4949937421777222
