0.3832463535394085
0.41750301083902047
0.44066193853427893
0.4797478329393223
0.5259727812919303
0.5715928694652099
0.5632040050062578
0.6028368794326241
0.5725512746789342
0.6120375694843779
0.5813736468831654
0.6302724897349757
0.4494507022667223
0.48727576136837714
0.3666554092086007
0.3972756951480356
0.3322188449848024
0.3602836879432624
0.3276201733648542
0.3537234042553192
0.3187706855791962
0.34458628841607564
0.32183247076864097
0.3480927736246885
0.32644091499350714
0.35351113774847664
0.35726950354609927
0.3854166666666667
0.38517085751128305
0.4174081237911025
0.45390070921985815
0.49403610573823337
0.58906967042136
0.6324572382144347
0.6238985600687729
0.6619385342789598
0.6400709219858156
0.6869582348305753
0.5104841196423066
0.551649707061363
0.3891407975816766
0.4207650273224044
0.3387273998601538
0.3674957546698632
0.34013002364066197
0.3662332545311269
0.3438217960243732
0.3710917990210768
0.32321513002364066
0.350354609929078
0.3363141124473224
0.36735532942748483
0.36386584926072846
0.39764394758985455
0.42133449124330585
0.45780865537704446
0.5388204553938036
0.5824934677118327
0.6028368794326241
0.6387277025574898
0.6316109422492402
0.6680851063829787
0.5422154677473826
0.5916919959473151
0.40511127415015896
0.44093910491562727
0.3387809641278651
0.3676636858875527
0.3192460895754396
0.34722627028077335
0.31681597611048895
0.34247853676745055
0.3072340425531915
0.33541371158392436
0.31658786446020487
0.345843183609141
0.32770129328327074
0.3574259491030455
0.35143066764490094
0.38542430912203474
0.4133963750985028
0.45342789598108746
0.5273837667454689
0.5713159968479118
0.5828497743391361
0.6249731356114335
0.596729708431836
0.6382978723404256
0.4871552403467297
0.5330181245074862
0.3892149669845928
0.42333088774761557
0.3267336485421592
0.3540189125295508
0.3000828958275767
0.3246753246753247
0.30763562678456297
0.33158331030671456
0.3124300111982083
0.33799925345278087
0.3126317807168871
0.3400421698294039
0.3375241779497099
0.36578551472168497
0.3766464032421479
0.40970111448834856
0.42868400315208827
0.4682427107959023
0.5942402750913389
0.6359338061465721
0.6107887384483129
0.6483988824414356
0.5808510638297872
0.6147163120567376
0.47724586288416077
0.5209810874704491
0.3878250591016548
0.42234042553191486
0.34678765123070504
0.37546933667083854
