0.36571657968687277
0.41723538070386723
0.4600875207484533
0.5119963784517881
0.5189125295508275
0.5741303613644039
0.557343020238713
0.6158104134232831
0.5611485902093064
0.6173672375021623
0.49963815313359383
0.5594152554638877
0.39312602291325693
0.4409165302782324
0.32460447354064376
0.36179305328241496
0.29598707244815514
0.3257922614238262
0.27971968929415736
0.3114657210401891
0.2844663553018509
0.318975955717004
0.32461184588844166
0.3596894767107533
0.3808053077099062
0.41832532601235417
0.46516478931998334
0.5068836045056321
0.4577551649707061
0.4970706136293555
0.5091185410334347
0.5580884836203985
0.5713766139298054
0.6321149299872704
0.596108383342426
0.6610292780505547
0.4842311754941904
0.5439867209898899
0.34877602379318234
0.39190116678105696
0.27552705722335563
0.3134168852618284
0.24919008843358725
0.28036073898958064
0.24738264099966226
0.2770178993583249
0.2730496453900709
0.3034942051548175
0.29419157913636773
0.32588203608941557
0.31283396483046727
0.3485864179539493
0.37645847632120794
0.4131777625257378
0.40792369772560527
0.4479090242112986
0.47858701582105834
0.5231860338243317
0.5495629226455551
0.6001979218208807
0.5810283687943262
0.6365248226950354
0.5620173364854215
0.6154452324665091
0.4767375886524823
0.535886524822695
0.3740316421167485
0.4206219312602291
0.29547872340425535
0.3294326241134752
0.27781853753974073
0.31099698377761475
0.2510801336920192
0.28613352898019073
0.2550688360450563
0.2873591989987484
0.21815243738217074
0.2535236556243828
0.2246186728844846
0.2643544156222676
0.20018302447952413
0.23564401738732557
0.24086712163789645
0.27606048441054465
0.3234910985670864
0.3692285424808221
0.3955137720600363
0.45126175160811477
0.46061963419186264
0.5181037700634565
0.5320690718470552
0.5840271353684859
0.49367264636350994
0.5484633569739953
0.3950900163666121
0.43949809056192035
0.35716312056737587
0.3954609929078014
0.3376236756851414
0.37247176254268455
0.3182090062377168
0.35349910279415536
0.33797390771386043
0.37264687855704404
0.3531526279996114
0.3915282230642184
0.3944613306315434
0.4358887763143082
0.4235754463193935
0.4639276106627537
0.4186976144422953
0.4588007736943907
0.47503256621797657
0.5242437400492113
0.5212765957446809
0.5725338491295938
0.525878979930587
0.5817111815301041
0.4963148379919344
0.5530524266444167
0.39846335697399526
0.44739952718676124
