0.35546588407923696
0.39801907556859867
0.42609929078014186
0.4739007092198581
0.5293819655521783
0.579871664978048
0.5072610604525498
0.5562310030395137
0.49496948705261423
0.5485733135411512
0.5016548463356975
0.5594956658786446
0.4065349544072948
0.4574468085106383
0.3498448581560284
0.39616578014184395
0.33879624305156225
0.37741997316465403
0.3043026004728132
0.33853427895981086
0.30218152437382173
0.3359367986354251
0.3058737952354974
0.3393344244408074
0.3260441292356186
0.36150512214342
0.37314115762983296
0.41432166552276367
0.42737063304439193
0.47189387969529817
0.49661150512214347
0.5511426319936958
0.4514789828749351
0.5184224182667359
0.473581560283688
0.527127659574468
0.41033434650455924
0.472644376899696
0.35981087470449175
0.42174940898345153
0.24462074768602
0.2868133189085227
0.202976725601838
0.2425332134651883
0.22434688930783733
0.2577430649070832
0.2240609403729971
0.2587339112161807
0.26115978306216103
0.29353358364622445
0.25583809029579657
0.2883584154990486
0.2982456140350877
0.3349197461739455
0.3352675693101225
0.3680421233612723
0.3848450914520343
0.4283936792335448
0.476233589859665
0.5291987324581259
0.5616675315689327
0.6137346479847777
0.6664580725907384
0.7236128493950772
0.629569012547736
0.6859428987088562
0.5098995271867612
0.5678191489361702
0.38175975177304966
0.42386968085106386
0.34477541371158393
0.38042553191489364
0.2813527071440927
0.31378654212074036
0.29390408645727795
0.32598784194528874
0.274822695035461
0.3084262073623776
0.27180371861222924
0.2999808318957255
0.30405268490374876
0.34062816616008107
0.3159574468085106
0.349645390070922
0.37630371297455156
0.4164928382700598
0.448504471168671
0.4986123959296947
0.552645935624659
0.6124749954537189
0.5999165623696288
0.6616604088443888
0.5652673950546292
0.6235384320490703
0.5079590228526398
0.5683215130023641
0.36941644892372777
0.41246733855916384
0.34001438996813654
0.37845616198992704
0.308274231678487
0.3428841607565012
0.3037974683544304
0.33584702396983573
0.29731970157502075
0.32725430597771027
0.3237438817300969
0.3587054240335631
0.3646762754518417
0.40551361244566464
0.44332931888130606
0.4854810651679379
0.49102157839142896
0.5402142749358684
0.548049645390071
0.598581560283688
0.6483451536643027
0.7044917257683215
0.660904255319149
0.7136524822695035
0.5203900709219859
0.5819148936170213
0.35680206318504193
0.404642166344294
