0.41567202906071615
0.4769071094966269
0.45981087470449167
0.5239783856805134
0.31822957709482536
0.37155240346729707
0.2722557425637769
0.31809039906848735
0.2698817966903073
0.308936170212766
0.24376149198844238
0.275895280623413
0.23505572441742656
0.26612630867950016
0.26394941467999655
0.2966760659659916
0.2775709219858156
0.31063829787234043
0.33904649330181247
0.3749014972419228
0.3674434312732185
0.4074074074074074
0.4237266279819471
0.4665377176015474
0.48751156336725254
0.5345359235275978
0.5890070921985815
0.6391843971631206
0.5573740680123659
0.6062920531005638
0.5897163120567376
0.6475177304964539
0.5101856043458579
0.5623962577335144
0.39834515366430256
0.4423167848699764
0.33061303798698144
0.36442242300592637
0.3058737952354974
0.336970358246954
0.2896130711913098
0.31986713349492774
0.2901353965183752
0.3217279174725983
0.2970843183609141
0.3287037037037037
0.3384808968199497
0.3763440860215054
0.3711583924349882
0.41095350669818753
0.4796484736355227
0.5325316065371569
0.5336446981491092
0.5902093063483826
0.5559495665878644
0.6103230890464934
0.5667848699763594
0.6182033096926715
0.5410828576370871
0.5976474658363605
0.4028106120304702
0.4527186761229315
0.3516639388979814
0.39127114020731046
0.30655095184770437
0.3400522583053378
0.2961879432624114
0.3277482269503546
0.2984704776553021
0.3303426471844826
0.2921151439299124
0.32357113057989156
0.3063317098179954
0.33871656840126463
0.32476743115040985
0.3588468269319333
0.37694506192442045
0.4133587382237748
0.3792523139800457
0.4167568217333814
0.4100341476228001
0.4533753611767796
0.48196770786177756
0.5282933454051607
0.4974435098136236
0.5546759030183077
0.4624435847840103
0.5204706640876854
0.42921985815602837
0.4887943262411348
0.30811662726556344
0.3599009343690195
0.23840698308783415
0.27377705037279504
0.18777832756061358
0.22142503711034142
0.1870268547294605
0.21802534066459478
0.21398875030569822
0.2471671965435722
0.2582243869093395
0.2973596513714432
0.327565011820331
0.36472813238770685
0.3501640732507675
0.38848311633322746
0.43118163240774127
0.47541771847577835
0.4908064092461256
0.5325715786708695
0.4998636115657392
0.5422804146208402
0.6016548463356973
0.6509625126646403
0.5320657914591821
0.5795986117398522
0.5050757891809207
0.5536086775135587
0.48149580915538365
0.5344938749194068
0.39518147684605753
0.4381518564872758
0.37358635230975656
0.4122100824228484
0.35706492089470815
0.39425350063647935
0.3156466158830225
0.34865598458979075
0.329383248047401
0.36331807164018315
0.3515430323940962
0.3887291546866015
0.3528368794326241
0.38892365456821026
0.37193349610510407
0.4086734100685967
0.3824810252581809
0.4280204056239891
0.41910879164993975
0.4624648735447611
