0.12772544628153612
0.1419757152581077
0.1354425716127844
0.15202173712812012
0.13786658999424958
0.15650757140118843
0.13213275854076856
0.14868122189774255
0.12462629569012548
0.14027277686852155
0.13218551698394923
0.14774636058230683
0.1565676994849392
0.17441954534422782
0.16125987649327186
0.1794083542323976
0.15627106760510207
0.17352964970471643
0.14318642350557242
0.160081053698075
0.14549138804457953
0.1617274569402229
0.14812563323201622
0.16441236068895643
0.15557167418869547
0.17324844186546315
0.14672491438125287
0.1628239354960494
0.30262001055037807
0.33403669187034757
0.4629954109303296
0.506299541093033
0.4627018713150474
0.5018371357771512
0.4710620786270904
0.5037212153051397
0.8339846576928643
0.8918801563178462
0.722683014785431
0.7848299074407982
0.5562709966405376
0.6062896603210154
0.4339346284304656
0.4684705519580635
0.3876847617153841
0.4211572877311593
0.20889748549323017
0.22960097428182538
0.3517975055025679
0.3840180973343115
0.354670032455824
0.38934968145209764
0.351928005244651
0.38560104893021035
0.3384969515988553
0.3724026378001742
0.31587102926276894
0.3480541152631266
0.20507272508714988
0.225547942461033
0.1528612419468356
0.1706458773212062
0.14333279194412862
0.15881652319852743
0.28405568689256633
0.30764381402679275
0.2663829787234043
0.2948936170212766
0.2432750010491418
0.26706953711863696
0.2124073631365049
0.23412224081600128
0.215142598460842
0.23932397766711933
0.2248755092802173
0.24966047985513806
