0.14412175803696226
0.16019568255940364
0.14318360914105596
0.15600210139217233
0.15340559346982469
0.16831259199785897
0.15605513180784156
0.17122976047102906
0.15339565871480765
0.16709649688373093
0.15073608424672255
0.16551149795830647
0.14890930582419945
0.16451751558134536
0.1574306285899199
0.17398808079173747
0.15385451482296678
0.1698866878617429
0.16465995931607016
0.1809610203969432
0.15734784760019793
0.1731541041288691
0.15633074935400518
0.17057012480070372
0.13415877985720723
0.14748926682321686
0.13152589008278184
0.14348063284233498
0.1500082467425367
0.16276320853262963
0.23077852998065765
0.24975822050290136
0.5714970289438375
0.6213341000575043
0.45367436245661685
0.49388863739248534
0.39433937483582876
0.4332151300236407
0.378419452887538
0.41742654508611954
0.37143036465198015
0.4066403062825582
0.3722771023302938
0.4065349544072948
0.3962264150943396
0.43295865114411886
0.4156458199011391
0.4554767533490938
0.27183522782473524
0.29782376372291847
0.30006632991479154
0.3282310321955202
0.3049073438572409
0.3359071150766415
0.31350144470711844
0.35132650380877334
0.34213291305489885
0.3803519831888626
0.3611111111111111
0.40143157341738905
0.37293144208037826
0.41574730759127926
0.3860992907801418
0.430709219858156
0.34238200048911716
0.382306187331866
0.3515108170927946
0.3883425710709816
0.3789260385005066
0.4180597771023303
0.3559785989797188
0.39019534652233423
0.3838245819506799
0.42247381091808184
0.37885235332043843
0.4193423597678917
0.30463720676486633
0.3408619749045281
0.3958918774253981
0.4250635621570989
0.3683588403633196
0.39367923354485507
0.7813461795798207
0.8414291449217183
0.6813161260318568
0.7488664108824555
0.35712044185024794
0.39722588338668174
