0.40038087733123195
0.43965064355135275
0.45181037700634563
0.49854423292273237
0.5016041877744006
0.5537825059101654
0.5785795045739541
0.6321307431390688
0.6920915295062224
0.749364378429011
0.14999187916192952
0.16157760814249364
0.7070668693009119
0.7549392097264438
0.5409501603031187
0.5904012435635868
0.45256107171000787
0.49440504334121355
0.37014522120905097
0.4040526849037487
0.3508771929824561
0.38161005350255073
0.35388252409529003
0.3834030429775111
0.34120687582642145
0.36969587690828226
0.37787731740699265
0.40960557421923605
0.39477696029694437
0.42950884867766953
0.4410743926361853
0.47698807907046925
0.5423665546845838
0.583893243747667
0.662951705504897
0.7066306428008555
0.7736170212765957
0.8285106382978723
0.9055379508073035
0.9586539912479252
0.7386018237082067
0.7981256332320162
0.5489921612541994
0.5959313176558417
0.4499773653236759
0.487324581258488
0.403786966412418
0.4404522949284089
0.3786589297227595
0.41108961960025786
0.38412880966072455
0.4167145869273529
0.3822563698450223
0.41476228001050697
0.38317757009345793
0.4159209915821568
0.44092349479402443
0.47894975101856047
0.5168439716312057
0.5586879432624113
0.2157940871782612
0.23348473981990595
0.1575013638843426
0.17015821058374248
0.14358305480829325
0.1573598543517839
0.1999636297508638
0.2170940170940171
0.5815602836879432
0.6315053441214664
0.522185851973086
0.5715584651754865
0.4596885954186028
0.49922556452270317
