0.13926722128150384
0.15298534933372598
0.12069952865512533
0.1341130346680763
0.152757160921436
0.16919566771125405
0.16083896860740007
0.17900929132992466
0.14784310734894127
0.16505249243753017
0.15523426161724033
0.17160929926887375
0.15493726132024005
0.17334969994544464
0.1535912812508557
0.16980202086585067
0.15795260871955577
0.17419869151685086
0.15478654413996745
0.17106824516378288
0.15932706580900544
0.17659024685249328
0.16094892517455603
0.17876188905382373
0.15739751909964678
0.17508694104438785
0.1595194898015284
0.17551817032272252
0.1512452581230414
0.16460498103249216
0.1548508995317506
0.16996631890248912
0.25670190463446185
0.27708639992863193
0.25261524822695036
0.2782358156028369
0.2612145390070922
0.28976063829787235
0.24527898829359995
0.2693753738357686
0.2490971587695253
0.2748988382717661
0.25904036424130983
0.2850450923736976
0.2589740242788148
0.2878649436540051
0.26321423792319015
0.2930996030152995
0.28211718787186446
0.31524584701794467
0.15396761675364645
0.1718185467683661
0.1321772078111338
0.14998056931895462
0.13545613523754008
0.15369668706888176
0.1414455335086461
0.15740962095253275
0.1483517942996786
0.1637580683719818
0.1570415400202634
0.1738655148509572
0.15069588865781475
0.16943955633765262
0.15022805768673048
0.16786627646391944
0.14435893566721994
0.16063075298023238
0.14876438685611917
0.16361137696630593
0.1430260047281324
0.15762049500651323
0.14065798524632936
0.15598092933893118
0.3305531914893617
0.3689078014184397
0.3383093113703958
0.37657286662091055
0.33039266562878394
0.36320129158738396
0.14174813110983325
0.15552520605712095
0.2874993969218893
0.31548222125729725
0.2591380250954719
0.2886433897072195
0.13396375098502758
0.14880108071597434
0.28311675948403064
0.31772097672426103
