0.4073089046493302
0.435973207249803
0.41340322746428204
0.44393051701099806
0.4533378363165597
0.4866599121918271
0.5072856221792392
0.5444229529335912
0.5844896700585878
0.6248843663274746
0.6682234907455458
0.7088738972496108
0.6799418076013821
0.7203127841425714
0.6828302820385947
0.7262081477816262
0.6244029526704299
0.6736141265016645
0.4842641843971631
0.521165780141844
0.40434624477177666
0.43226041098381524
0.35493230174081236
0.37919084461637653
0.34595900553347364
0.37035305120411505
0.35358550039401104
0.3795902285263988
0.3516483516483517
0.37884810225235754
0.3872167445078706
0.41714236291299084
0.42428598811577534
0.45428407130534787
0.4876730834177643
0.5216706067769897
0.5713311511183852
0.6110201854882706
0.7366793962538644
0.7699581742134934
0.6828774062816616
0.7195204322863897
0.7198581560283688
0.761605415860735
0.5822169687417914
0.6218807459942212
0.44109535066981875
0.47133569739952713
0.38761929778478244
0.41397425794588916
0.3711305798915311
0.3962453066332916
0.3615390886117225
0.3861579848373686
0.3657781038558735
0.39153827341648323
0.3770108977685521
0.4047742605085625
0.41173613135140386
0.44224230059263575
0.45057624113475175
0.4854831560283688
0.5293235133660665
0.5699672667757774
0.6447146234380277
0.6918270854441068
0.6810329150754683
0.7223131478450627
0.7574468085106383
0.7916666666666666
0.6356925749023014
0.686495874945723
0.4825918762088975
0.5192349022136257
0.41245279543151886
0.44275582573454914
0.37163120567375885
0.39824780976220275
0.3560443063192286
0.3817037214120647
0.35779743405849074
0.3832177862777911
0.36648523833085933
0.3942767606795316
0.39904838854475266
0.4302001975042643
0.4412580943570768
0.4721965258505499
0.5091452034341172
0.545103894487993
0.5548936170212766
0.5936170212765958
0.6352353320438426
0.6747259832366216
0.7173758865248228
0.751595744680851
0.7195357833655706
0.7651515151515151
0.588394584139265
0.6337846550612508
0.4540020263424519
0.4881458966565349
