0.6297212601022596
0.6650173181593271
0.662568951930654
0.7005516154452324
0.6722813238770686
0.7121749408983452
0.5437352245862884
0.5796690307328606
0.42879049262027985
0.45898025685259725
0.40407576981775745
0.4316365921536942
0.39943962875404954
0.4257070309079765
0.39112161807197265
0.4186148323264162
0.38411697749759216
0.41169774975921547
0.41853821907013394
0.44868006304176516
0.3680761289164198
0.3958165005835353
0.36295897297782564
0.387736780680492
0.340681876441938
0.36375288387592924
0.3122161128376763
0.3315005179695593
0.32494471135514374
0.34309463890795394
0.34019675131548843
0.36940440783954853
0.3028505182760502
0.32855973813420625
0.2668745414526779
0.28864025434091467
0.244962287515479
0.26348080603399754
0.24685249326516026
0.264390565726538
0.24243408586432788
0.26019165177846354
0.262952277918019
0.2850102175742277
0.23687943262411346
0.25537370430987455
0.440230239490184
0.4737383081508891
0.47978723404255325
0.5146572104018913
0.5141843971631206
0.5505647491463095
0.5979031760715386
0.6332099907493062
0.7166757592289508
0.7499545371885797
0.753968253968254
0.7965214454576157
0.5747259832366215
0.6174081237911024
0.4522796352583587
0.48510638297872344
0.38782217609410136
0.41523957792769417
0.35381305283289505
0.37803809068451666
0.15546661049083632
0.167052875500316
0.15253416363950875
0.164193046185781
0.1523445569097294
0.16418783997796596
0.1532052606210838
0.16511739998622874
0.15296426358190457
0.16415341182951182
0.529469307899242
0.5632183908045977
0.1409658899020601
0.1497467071935157
0.7139479905437353
0.7444989998181488
0.13372484836815252
0.14177978883861236
0.14275002343237417
0.1529040522385728
0.13873178322410748
0.14890624532423616
0.1336497979712356
0.14283292362465033
0.43868980963045917
0.46687196715192236
0.42116748499727225
0.44917257683215134
0.12207178164624972
0.13101762303889963
0.115892972275951
0.12497313561143349
0.11148721255104234
0.12048678272082528
0.4522729915126148
0.4848273456574817
0.09688260823541865
0.10460992907801418
0.09541994648377627
0.1027719325591666
0.09013214959946936
0.09691821011276086
0.09260240781403802
0.09886171474723
0.09807568318206616
0.10573823339780786
0.09440291355184972
0.10295668008433966
0.08963623884694578
0.0975749256463052
