0.6555217831813577
0.6980749746707193
0.5788441225290478
0.6277350233891655
0.4445207046442462
0.47998169755204756
0.3870173364854216
0.4171591804570528
0.35661029278050554
0.38316057464993636
0.351808072848262
0.3778128009806497
0.35165484633569744
0.37774400540357983
0.36559418785677217
0.3911952949316727
0.3733156028368795
0.4012411347517731
0.3912840612168719
0.4210526315789474
0.4330413016270338
0.46380892782644967
0.48924149537204
0.524101454501743
0.5738770685579196
0.6165780141843972
0.6766684851791235
0.7146753955264594
0.685215493726132
0.7214038916166575
0.728247708008995
0.7695900363258952
0.5950493672646364
0.6328744263662912
0.46421663442940037
0.4987105093488072
0.40952654782442016
0.43741613954379915
0.376241134751773
0.4035460992907801
0.3819912020827722
0.4091031510907622
0.3944568868980963
0.4241321388577828
0.41744081510338626
0.44860653281390467
0.4563773499943713
0.4907125970955758
0.5056474914630943
0.5441292356185974
0.6206498433118918
0.6627082302490516
0.6961552818215753
0.7312430011198209
0.6538661131292164
0.6903649887562705
0.698169223156853
0.739732805541811
0.5943262411347517
0.6380141843971631
0.4550651000317561
0.48936170212765956
0.3932130352814436
0.42032498428943355
0.3764919564089258
0.40166061235080436
0.3647534223981527
0.3902358568365496
0.35964044202539996
0.3856176810159987
0.35819774718398
0.38564872757613683
0.3732830595206033
0.4048837418080618
0.4110435663627153
0.4425531914893617
0.44917257683215134
0.48475177304964534
0.5063829787234043
0.5504964539007092
0.6715192235908921
0.7129525942515864
0.6448711295623594
0.6875973015049299
0.6717796470394195
0.7189510143493321
0.5643753409710857
0.6107474086197491
0.4439504604636393
0.47898803853075045
0.37804111679683994
0.40676900978543856
0.3627152988855117
0.3884667342114151
0.3698919284025667
0.3951367781155015
0.39366080028018563
0.4208913405130899
0.4077553652021737
0.437137330754352
0.43731894915592845
0.46878433722904805
0.4975002906638763
0.5316823625159866
0.5646481178396072
0.6036552100381888
0.6628731650997856
0.7037770080818078
0.6997635933806147
0.7355882887797781
0.7303234734475004
0.764054661823214
0.7308116627265564
0.7686367218282112
0.6009371833839919
0.6415906788247213
0.47809762202753436
0.5103254067584481
0.4320567375886525
0.46033096926713946
0.41107819373372834
0.44007541071909506
0.41328175370728565
0.4432163581099751
0.4155645006708837
0.4470001916810427
0.4395046046363925
0.47274266963057054
0.47273171924675966
0.5061139642944485
0.5341843971631205
0.570354609929078
