0.6656534954407295
0.7066869300911853
0.6425961745110681
0.6849344508918978
0.524987629886195
0.5728187365990434
0.41097424412094063
0.4481771805400025
0.3712322695035461
0.4029255319148936
0.3503337505214852
0.37838965373383393
0.3449205873539107
0.37139146938367795
0.3409180457052797
0.3693853427895981
0.35439501396948203
0.38330109606705354
0.37725519472439967
0.4088590270001244
0.43171872642221215
0.46778331069865703
0.5085106382978724
0.5476950354609929
0.5997079682937004
0.643095536086775
0.6037952846463485
0.6461567950929653
0.5437352245862884
0.5905099628503884
0.40164240388204553
0.43834764215503297
0.3314083080040527
0.3617021276595745
0.30409015836005054
0.3312931118235694
0.3043971631205674
0.33323877068557917
0.2998986828774063
0.3282674772036474
0.2953527435610302
0.32344158268010453
0.3180182958166307
0.3480316579299003
0.3447529751172016
0.37913210722442603
0.3769208037825059
0.4159278959810875
0.5193515704154001
0.5614994934143871
0.5948295584534432
0.6410432395332876
0.5770291568163909
0.6292356185973208
0.4557114833257884
0.49886826618379354
0.35134526623888324
0.38275357424293593
0.32593718338399186
0.35390070921985817
0.31000373273609555
0.33566629339305715
0.3092014368610113
0.3346228239845261
0.3024186215675577
0.3282414984542644
0.3200607902735562
0.3487335359675785
0.34369019475402457
0.3740853315321401
0.3928521763315255
0.42900848282575443
0.4661347517730496
0.5076241134751773
0.557919621749409
0.6006877283473029
0.6566003202928391
0.6959505833905285
0.6060954571592869
0.6551658041019742
0.4520928938951467
0.49353358364622446
0.3588652482269504
0.3891980360065466
0.3267336485421592
0.3544129235618597
0.3265325949674536
0.35373554843097255
0.32539007092198585
0.35167848699763593
0.32740697561449533
0.3546099290780142
0.33485309017223913
0.36342451874366766
0.3535804163806909
0.3851521390986044
0.3975722858701582
0.43385160938352424
0.48969942586963866
0.5305639986491051
0.564026792750197
0.6053979511426321
0.6040189125295509
0.6469661150512215
0.5569148936170213
0.6031914893617021
0.4098001289490651
0.4455190199871051
0.3286052009456265
0.3575112830431979
0.29350043719032354
0.31934324298066646
0.28293144208037824
0.3080851063829787
0.28679685222967066
0.31176527737297194
0.2884826690640296
0.31585256218160024
0.29935429236794747
0.32782894040436117
