0.5868417081635733
0.6236607816508224
0.645217090468777
0.683445770627919
0.7194035279141662
0.7592289507183124
0.7650925445424667
0.8092025601107075
0.6151118385160939
0.6606655755591926
0.5021054964539007
0.5391179078014184
0.40757698177574286
0.4369332974234671
0.3927198154319405
0.41946509442023416
0.39707868963188114
0.4234211415062479
0.39547450185748056
0.4219858156028369
0.41592602567555437
0.44384594667384863
0.46169213864748776
0.4918589551493357
0.5006863417982155
0.5340883093113704
0.5645117294053463
0.5999727223131478
0.6261623325453113
0.6643026004728133
0.6933987997817785
0.7317694126204765
0.7408619749045281
0.7830514639025277
0.6681756450882752
0.7181228308435189
0.483488475177305
0.5216090425531915
0.40545270332504374
0.4369531178041816
0.3667679837892604
0.39387031408308004
0.3529795385994946
0.3806146572104019
0.3402643455834945
0.3675854287556415
0.34801253504865576
0.376051459673429
0.3730846685929428
0.40119078889764465
0.4134160756501182
0.4448384554767533
0.4764355982612674
0.5115534202699611
0.5503273322422259
0.5855155482815058
0.6442617666021921
0.6832688588007737
0.7250409165302782
0.762138570649209
0.7840425531914893
0.8198581560283688
0.720235400633771
0.7683718122830843
0.5321400427783407
0.5689519306540584
0.4451063829787234
0.47413711583924356
0.4188885896400036
0.44618008797917225
0.4181737588652482
0.4450354609929078
0.403563397336101
0.4314997405293202
0.4124248137175689
0.44267887602118683
0.43456718157971436
0.4672107257359371
0.47041223404255317
0.5034352836879432
0.5125725338491296
0.5470019342359768
0.5506382978723404
0.590354609929078
0.6262088974854932
0.6600580270793036
0.7192216766684851
0.7581378432442262
0.7262081477816262
0.7649678377041069
0.6324822695035461
0.6824113475177305
0.5141843971631206
0.5535346602608099
0.41982131343833473
0.4499401307911946
0.3926343672562591
0.4190378535418269
0.3839799749687109
0.40959532749269917
0.3869002920317063
0.4142678347934919
0.3872847011144883
0.4148936170212766
0.4096417990842984
0.4403447347158632
0.44760763160523426
0.4808710418539606
0.4940898345153665
0.5258358662613981
0.5513862024500322
0.5825918762088974
0.6149949341438703
0.6485743233463598
0.6480693459416864
0.6806934594168637
0.6131796690307328
0.6447990543735225
0.6439716312056737
0.6771631205673759
0.6254773595199127
0.6666666666666666
