0.3552645935624659
0.38756137479541736
0.4014905637696839
0.4344272148094723
0.459463217911278
0.4958976498400779
0.5730842414807127
0.6137346479847777
0.6548463356973995
0.6936564223798266
0.6677864874953341
0.704180664427025
0.6502870651806822
0.6948665991219183
0.5272776868521549
0.5613747954173487
0.4496682681308625
0.4776938915579959
0.395488573680063
0.422478329393223
0.37155752049369073
0.39688680114212027
0.3679759956355701
0.39425350063647935
0.34982269503546104
0.374822695035461
0.35870158210583747
0.38416075650118203
0.3683151236342726
0.39735480161012077
0.41231463571889104
0.4421878358048571
0.4492126457506912
0.4811876427455223
0.5116312056737589
0.5469503546099291
0.6448445171849427
0.6841243862520459
0.6687196715192235
0.7028742067935797
0.6760076111399411
0.7093928386092372
0.637526981190256
0.6814677767499229
0.535009671179884
0.5695680206318504
0.41874807277212456
0.4486586493987049
0.3709765411893071
0.3955264593562466
0.34118541033434646
0.36567038162782844
0.3376216394524163
0.35914563747319805
0.3360033375052148
0.3578639966624948
0.3407714928213112
0.36619961944300294
0.36534406747172704
0.39275445658424385
0.3800773694390716
0.41166989039329466
0.43667679837892603
0.47201114488348533
0.5048069345941686
0.5446808510638298
0.6264080100125157
0.671255736337088
0.6462244472256988
0.6889862327909887
0.6574659766149128
0.7073030477285797
0.4784397163120567
0.5263829787234042
0.38087322695035464
0.42010195035460995
0.3064979873490512
0.3371669541882308
0.2866505072268606
0.31699434419606787
0.2679467220204117
0.2976128697457187
0.28266256515423394
0.31239853029137826
0.27557036657267364
0.30607536529095103
0.29529335912314636
0.3274385189278806
0.3211305798915311
0.3540884438881936
0.37127659574468086
0.4078014184397163
0.4502127659574468
0.4950354609929078
0.5650709219858155
0.6104609929078014
0.6177880007667242
0.6668583477094115
0.6712129478086925
0.7137661392980541
0.3847274846983387
0.412319051782765
0.38647624599242203
0.41397065967162144
0.3847274846983387
0.412319051782765
0.3381184311714945
0.3623857130650261
0.32876823999347843
0.35134914812097495
0.32825596389426176
0.3500967117988395
0.33500208594075925
0.35719649561952443
0.34464494119759403
0.37094891821527964
0.3776595744680851
0.40691489361702127
0.3931104356636272
0.4258696386355961
