Точки Максимума:
0.26494 0.393193 0.355848 0.340426 

Позиции Максимума:
24 50 77 104 

Точки Ммнимума:
0.0553133 0.155194 0.0826591 0.0311769 0.0997642 

Позиции Минимума:
10 37 64 92 115 

Точки амлитуды:
0.209627 0.109746 0.237999 0.310534 0.273189 0.324671 0.309249 0.240661 

Время j-го шага:
14 13 13 14 13 15 12 11 

Точки амплитуды/2:
0.104813 0.054873 0.118999 0.155267 0.136594 0.162336 0.154624 0.120331 

Точки максимума и минимума:
0.0553133 0.26494 0.155194 0.393193 0.0826591 0.355848 0.0311769 0.340426 0.0997642 

Позиции максимума и минимума:
10 24 37 50 64 77 92 104 115 

Дельта амплитуды:
0.523531 2.16863 1.30477 0.87974 1.18845 0.952498 0.778213 

Точка Сигма:
0.100064 0.161379 0.161379 0.193585 0.122053 0.187555 0.136618 0.129973 

Позиция Сигма:
16 36 36 56 69 82 98 111 

Дельта Сигма:
1.61275 1 1.19957 0.630488 1.53667 0.72842 0.951354 

Темп:
0.0149733 0.00844201 0.0183076 0.022181 0.0210145 0.0216447 0.0257707 0.0218783 

Дельта темпа:
1.77367 0.46112 0.825374 1.05551 0.970884 0.839896 1.17791 

Средняя скорость движения (300/167):
2.85714 

Частота:
0.0857143 

Средняя длина шага:
33.3333 

Изменение времени между шагами:
0.928571 1 1.07692 0.928571 1.15385 0.8 0.916667 

Время двойного шага:
27 26 27 27 28 27 23 

Изменение двойного шага:
0.962963 1.03846 1 1.03704 0.964286 0.851852 

