Точки Максимума:
0.395477 0.26394 0.308768 0.39716 

Позиции Максимума:
22 50 76 104 

Точки Ммнимума:
0.0752821 0.0296696 0.0306654 0.0848513 0.0760451 

Позиции Минимума:
7 37 60 89 117 

Точки амлитуды:
0.320195 0.365807 0.23427 0.233274 0.278103 0.223917 0.312309 0.321115 

Время j-го шага:
15 15 13 10 16 13 15 13 

Точки амплитуды/2:
0.160097 0.182904 0.117135 0.116637 0.139051 0.111958 0.156154 0.160558 

Точки максимума и минимума:
0.0752821 0.395477 0.0296696 0.26394 0.0306654 0.308768 0.0848513 0.39716 0.0760451 

Позиции максимума и минимума:
7 22 37 50 60 76 89 104 117 

Дельта амплитуды:
1.14245 0.640419 0.995749 1.19217 0.805159 1.39475 1.0282 

Точка Сигма:
0.136645 0.213072 0.107099 0.125886 0.11679 0.112296 0.150631 0.196566 

Позиция Сигма:
14 27 44 54 68 85 96 109 

Дельта Сигма:
1.55931 0.502643 1.17541 0.927745 0.96152 1.34138 1.30495 

Темп:
0.0213463 0.0243872 0.0180208 0.0233274 0.0173814 0.0172244 0.0208206 0.0247012 

Дельта темпа:
0.87531 1.35328 0.772515 1.34209 1.00912 0.827275 0.842899 

Средняя скорость движения (300/167):
2.72727 

Частота:
0.0818182 

Средняя длина шага:
33.3333 

Изменение времени между шагами:
1 0.866667 0.769231 1.6 0.8125 1.15385 0.866667 

Время двойного шага:
30 28 23 26 29 28 28 

Изменение двойного шага:
0.933333 0.821429 1.13043 1.11538 0.965517 1 

