Точки Максимума:
0.162629 0.347543 0.279084 0.269026 0.299554 

Позиции Максимума:
12 33 61 88 116 

Точки Ммнимума:
0.10648 0.0631781 0.0277639 0.0925773 

Позиции Минимума:
21 47 77 101 

Точки амлитуды:
0.0561491 0.241063 0.284365 0.215906 0.25132 0.241262 0.176449 0.206977 

Время j-го шага:
9 12 14 14 16 11 13 15 

Точки амплитуды/2:
0.0280746 0.120532 0.142183 0.107953 0.12566 0.120631 0.0882243 0.103488 

Точки максимума и минимума:
0.162629 0.10648 0.347543 0.0631781 0.279084 0.0277639 0.269026 0.0925773 0.299554 

Позиции максимума и минимума:
12 21 33 47 61 77 88 101 116 

Дельта амплитуды:
4.29327 1.17963 0.759255 1.16403 0.95998 0.731357 1.17301 

Точка Сигма:
0.110524 0.114534 0.164098 0.0935495 0.129371 0.099533 0.0963598 0.0990868 

Позиция Сигма:
20 23 39 52 67 82 100 105 

Дельта Сигма:
1.03628 1.43274 0.570082 1.38291 0.769364 0.968118 1.0283 

Темп:
0.00623879 0.0200886 0.0203118 0.0154218 0.0157075 0.0219329 0.013573 0.0137984 

Дельта темпа:
0.310564 0.989012 1.31708 0.981814 0.716161 1.61592 0.98366 

Средняя скорость движения (300/167):
2.88462 

Частота:
0.0865385 

Средняя длина шага:
33.3333 

Изменение времени между шагами:
1.33333 1.16667 1 1.14286 0.6875 1.18182 1.15385 

Время двойного шага:
21 26 28 30 27 24 28 

Изменение двойного шага:
1.2381 1.07692 1.07143 0.9 0.888889 1.16667 

