Точки Максимума:
0.204691 0.338227 0.252528 0.296974 

Позиции Максимума:
5 36 64 94 

Точки Ммнимума:
0.191358 0.117062 0.0651784 0.024973 0.0823709 

Позиции Минимума:
11 23 51 79 109 

Точки амлитуды:
0.0133327 0.087629 0.221166 0.273049 0.18735 0.227555 0.272001 0.214603 

Время j-го шага:
6 18 13 15 13 15 15 15 

Точки амплитуды/2:
0.00666635 0.0438145 0.110583 0.136524 0.0936749 0.113778 0.136 0.107301 

Точки максимума и минимума:
0.191358 0.204691 0.117062 0.338227 0.0651784 0.252528 0.024973 0.296974 0.0823709 

Позиции максимума и минимума:
11 5 23 36 51 64 79 94 109 

Дельта амплитуды:
6.57248 2.52389 1.23459 0.68614 1.2146 1.19532 0.788979 

Точка Сигма:
8.3811e-303 0.122982 0.122982 0.15363 0.0856821 0.135269 0.124133 0.108808 

Позиция Сигма:
100000 22 22 43 55 71 87 104 

Дельта Сигма:
1.46737e+301 1 1.24921 0.557718 1.57874 0.91767 0.876549 

Темп:
0.00222212 0.00486828 0.0170127 0.0182033 0.0144115 0.0151703 0.0181334 0.0143068 

Дельта темпа:
0.456449 0.286155 0.934598 1.2631 0.94998 0.836598 1.26746 

Средняя скорость движения (300/167):
3.06122 

Частота:
0.0918367 

Средняя длина шага:
33.3333 

Изменение времени между шагами:
3 0.722222 1.15385 0.866667 1.15385 1 1 

Время двойного шага:
12 31 28 28 28 30 30 

Изменение двойного шага:
2.58333 0.903226 1 1 1.07143 1 

