Точки Максимума:
0.329845 0.315436 0.272641 0.329807 0.371292 

Позиции Максимума:
9 36 61 88 113 

Точки Ммнимума:
0.0367713 0.0195197 0.0368209 0.0359668 

Позиции Минимума:
21 47 73 99 

Точки амлитуды:
0.293073 0.278664 0.295916 0.253121 0.23582 0.292986 0.29384 0.335325 

Время j-го шага:
12 15 11 14 12 15 11 14 

Точки амплитуды/2:
0.146537 0.139332 0.147958 0.126561 0.11791 0.146493 0.14692 0.167663 

Точки максимума и минимума:
0.329845 0.0367713 0.315436 0.0195197 0.272641 0.0368209 0.329807 0.0359668 0.371292 

Позиции максимума и минимума:
9 21 36 47 61 73 88 99 113 

Дельта амплитуды:
0.950834 1.06191 0.855383 0.931649 1.24241 1.00292 1.14118 

Точка Сигма:
0.156448 0.122244 0.178552 0.0965584 0.138238 0.132735 0.17428 0.164843 

Позиция Сигма:
14 29 40 56 66 82 92 108 

Дельта Сигма:
0.781374 1.46061 0.540786 1.43165 0.960195 1.31299 0.945855 

Темп:
0.0244228 0.0185776 0.0269014 0.0180801 0.0196517 0.0195324 0.0267127 0.0239518 

Дельта темпа:
1.31463 0.690581 1.4879 0.920028 1.00611 0.731202 1.11527 

Средняя скорость движения (300/167):
2.88462 

Частота:
0.0865385 

Средняя длина шага:
33.3333 

Изменение времени между шагами:
1.25 0.733333 1.27273 0.857143 1.25 0.733333 1.27273 

Время двойного шага:
27 26 25 26 27 26 25 

Изменение двойного шага:
0.962963 0.961538 1.04 1.03846 0.962963 0.961538 

