Точки Максимума:
0.49125 0.367112 0.494531 0.445057 

Позиции Максимума:
28 54 78 104 

Точки Ммнимума:
0.174521 0.0303425 0.114722 0.174275 0.114484 

Позиции Минимума:
15 41 63 91 118 

Точки амлитуды:
0.316729 0.460908 0.33677 0.252391 0.379809 0.320256 0.270782 0.330573 

Время j-го шага:
13 13 13 9 15 13 13 14 

Точки амплитуды/2:
0.158365 0.230454 0.168385 0.126195 0.189904 0.160128 0.135391 0.165287 

Точки максимума и минимума:
0.174521 0.49125 0.0303425 0.367112 0.114722 0.494531 0.174275 0.445057 0.114484 

Позиции максимума и минимума:
15 28 41 54 63 78 91 104 118 

Дельта амплитуды:
1.45521 0.730666 0.749446 1.50485 0.843202 0.845519 1.22081 

Точка Сигма:
8.3811e-303 0.289716 0.167988 0.150702 0.167526 0.175191 0.175191 0.179838 

Позиция Сигма:
100000 32 48 60 70 90 90 111 

Дельта Сигма:
3.45678e+301 0.579836 0.897099 1.11164 1.04575 1 1.02652 

Темп:
0.0243638 0.0354545 0.0259054 0.0280434 0.0253206 0.0246351 0.0208294 0.0236124 

Дельта темпа:
0.687186 1.36861 0.92376 1.10753 1.02783 1.18271 0.882139 

Средняя скорость движения (300/167):
2.91262 

Частота:
0.0873786 

Средняя длина шага:
33.3333 

Изменение времени между шагами:
1 1 0.692308 1.66667 0.866667 1 1.07692 

Время двойного шага:
26 26 22 24 28 26 27 

Изменение двойного шага:
1 0.846154 1.09091 1.16667 0.928571 1.03846 

