Точки Максимума:
0.481529 0.460176 0.332913 0.355001 

Позиции Максимума:
23 47 73 98 

Точки Ммнимума:
0.111072 0.199726 0.147275 0.0305257 0.173329 

Позиции Минимума:
8 34 59 85 111 

Точки амлитуды:
0.370457 0.281803 0.260449 0.312901 0.185638 0.302387 0.324476 0.181673 

Время j-го шага:
15 11 13 12 14 12 13 13 

Точки амплитуды/2:
0.185229 0.140901 0.130225 0.156451 0.092819 0.151193 0.162238 0.0908365 

Точки максимума и минимума:
0.111072 0.481529 0.199726 0.460176 0.147275 0.332913 0.0305257 0.355001 0.173329 

Позиции максимума и минимума:
8 23 34 47 59 73 85 98 111 

Дельта амплитуды:
0.760689 0.924225 1.20139 0.59328 1.62891 1.07305 0.559897 

Точка Сигма:
0.173785 0.201186 0.201186 0.171473 0.171473 0.160801 0.157094 0.176646 

Позиция Сигма:
13 33 33 56 56 78 91 110 

Дельта Сигма:
1.15768 1 0.852311 1 0.937762 0.976944 1.12446 

Темп:
0.0246971 0.0256184 0.0200346 0.0260751 0.0132599 0.0251989 0.0249597 0.0139748 

Дельта темпа:
0.964038 1.27871 0.768341 1.96647 0.526207 1.00958 1.78604 

Средняя скорость движения (300/167):
2.91262 

Частота:
0.0873786 

Средняя длина шага:
33.3333 

Изменение времени между шагами:
0.733333 1.18182 0.923077 1.16667 0.857143 1.08333 1 

Время двойного шага:
26 24 25 26 26 25 26 

Изменение двойного шага:
0.923077 1.04167 1.04 1 0.961538 1.04 

