Точки Максимума:
0.472723 0.388605 0.473156 0.410524 

Позиции Максимума:
24 50 76 101 

Точки Ммнимума:
0.182385 0.0323005 0.119047 0.177574 0.106173 

Позиции Минимума:
11 39 60 86 113 

Точки амлитуды:
0.290338 0.440422 0.356304 0.269558 0.354109 0.295582 0.23295 0.304351 

Время j-го шага:
13 15 11 10 16 10 15 12 

Точки амплитуды/2:
0.145169 0.220211 0.178152 0.134779 0.177054 0.147791 0.116475 0.152175 

Точки максимума и минимума:
0.182385 0.472723 0.0323005 0.388605 0.119047 0.473156 0.177574 0.410524 0.106173 

Позиции максимума и минимума:
11 24 39 50 60 76 86 101 113 

Дельта амплитуды:
1.51693 0.809006 0.756539 1.31367 0.834721 0.788107 1.30651 

Точка Сигма:
8.3811e-303 0.272433 0.155794 0.164473 0.16803 0.180739 0.180739 0.155347 

Позиция Сигма:
100000 29 45 56 66 85 85 108 

Дельта Сигма:
3.25057e+301 0.571862 1.05571 1.02162 1.07564 1 0.859509 

Темп:
0.0223337 0.0293615 0.0323913 0.0269558 0.0221318 0.0295582 0.01553 0.0253626 

Дельта темпа:
0.760647 0.906462 1.20165 1.21797 0.748753 1.9033 0.612321 

Средняя скорость движения (300/167):
2.94118 

Частота:
0.0882353 

Средняя длина шага:
33.3333 

Изменение времени между шагами:
1.15385 0.733333 0.909091 1.6 0.625 1.5 0.8 

Время двойного шага:
28 26 21 26 26 25 27 

Изменение двойного шага:
0.928571 0.807692 1.2381 1 0.961538 1.08 

