Точки Максимума:
0.365888 0.387244 0.356994 0.128767 0.314828 

Позиции Максимума:
6 31 55 83 105 

Точки Ммнимума:
0.124592 0.0834639 0.0290309 0.085243 

Позиции Минимума:
17 42 68 89 

Точки амлитуды:
0.241296 0.262652 0.30378 0.27353 0.327963 0.0997365 0.0435244 0.229585 

Время j-го шага:
11 14 11 13 13 15 6 16 

Точки амплитуды/2:
0.120648 0.131326 0.15189 0.136765 0.163982 0.0498682 0.0217622 0.114793 

Точки максимума и минимума:
0.365888 0.124592 0.387244 0.0834639 0.356994 0.0290309 0.128767 0.085243 0.314828 

Позиции максимума и минимума:
6 17 31 42 55 68 83 89 105 

Дельта амплитуды:
1.0885 1.15659 0.900422 1.199 0.304109 0.436394 5.27487 

Точка Сигма:
0.128257 0.129845 0.190518 0.124651 0.185063 0.0474011 0.0913119 0.107998 

Позиция Сигма:
16 19 36 47 60 72 88 95 

Дельта Сигма:
1.01238 1.46726 0.654278 1.48465 0.256134 1.92637 1.18274 

Темп:
0.021936 0.0187609 0.0276164 0.0210408 0.0252279 0.0066491 0.00725407 0.0143491 

Дельта темпа:
1.16925 0.679338 1.31252 0.834027 3.79419 0.916602 0.505542 

Средняя скорость движения (300/167):
3.0303 

Частота:
0.0909091 

Средняя длина шага:
33.3333 

Изменение времени между шагами:
1.27273 0.785714 1.18182 1 1.15385 0.4 2.66667 

Время двойного шага:
25 25 24 26 28 21 22 

Изменение двойного шага:
1 0.96 1.08333 1.07692 0.75 1.04762 

