Точки Максимума:
0.310811 0.324476 0.382622 0.349118 0.347418 

Позиции Максимума:
8 34 63 89 118 

Точки Ммнимума:
0.061489 0.0452505 0.0213474 0.0589848 

Позиции Минимума:
21 49 77 101 

Точки амлитуды:
0.249322 0.262986 0.279225 0.337372 0.361275 0.327771 0.290134 0.288434 

Время j-го шага:
13 13 15 14 14 12 12 17 

Точки амплитуды/2:
0.124661 0.131493 0.139613 0.168686 0.180637 0.163885 0.145067 0.144217 

Точки максимума и минимума:
0.310811 0.061489 0.324476 0.0452505 0.382622 0.0213474 0.349118 0.0589848 0.347418 

Позиции максимума и минимума:
8 21 34 49 63 77 89 101 118 

Дельта амплитуды:
1.05481 1.06175 1.20824 1.07085 0.907262 0.885172 0.994141 

Точка Сигма:
0.130631 0.117868 0.179635 0.13376 0.217974 0.162069 0.174552 0.143257 

Позиция Сигма:
14 27 40 56 67 84 94 109 

Дельта Сигма:
0.9023 1.52404 0.744618 1.6296 0.743525 1.07702 0.820715 

Темп:
0.0191786 0.0202297 0.018615 0.024098 0.0258054 0.0273142 0.0241778 0.0169667 

Дельта темпа:
0.948042 1.08674 0.772471 0.933837 0.944758 1.12972 1.42502 

Средняя скорость движения (300/167):
2.72727 

Частота:
0.0818182 

Средняя длина шага:
33.3333 

Изменение времени между шагами:
1 1.15385 0.933333 1 0.857143 1 1.41667 

Время двойного шага:
26 28 29 28 26 24 29 

Изменение двойного шага:
1.07692 1.03571 0.965517 0.928571 0.923077 1.20833 

