Точки Максимума:
0.290705 0.269975 0.299705 0.27341 0.305256 

Позиции Максимума:
12 34 58 80 103 

Точки Ммнимума:
0.0660916 0.0308159 0.0651639 0.0359535 0.0592027 

Позиции Минимума:
20 44 68 91 112 

Точки амлитуды:
0.224613 0.203883 0.239159 0.268889 0.234542 0.208246 0.237456 0.269303 0.246054 

Время j-го шага:
8 14 10 14 10 12 11 12 9 

Точки амплитуды/2:
0.112307 0.101942 0.11958 0.134445 0.117271 0.104123 0.118728 0.134651 0.123027 

Точки максимума и минимума:
0.290705 0.0660916 0.269975 0.0308159 0.299705 0.0651639 0.27341 0.0359535 0.305256 0.0592027 

Позиции максимума и минимума:
12 20 34 44 58 68 80 91 103 112 

Дельта амплитуды:
0.90771 1.17302 1.12431 0.87226 0.887884 1.14027 1.13412 0.913669 

Точка Сигма:
0.146385 0.095585 0.166654 0.130094 0.157301 0.0956067 0.150022 0.118081 0.125458 

Позиция Сигма:
16 24 38 51 62 72 84 98 108 

Дельта Сигма:
0.652969 1.74351 0.780623 1.20914 0.607795 1.56916 0.787092 1.06247 

Темп:
0.0280766 0.0145631 0.0239159 0.0192064 0.0234542 0.0173538 0.0215869 0.0224419 0.0273393 

Дельта темпа:
1.92793 0.60893 1.24521 0.818891 1.35153 0.803904 0.961902 0.820866 

Средняя скорость движения (300/167):
3 

Частота:
0.1 

Средняя длина шага:
30 

Изменение времени между шагами:
1.75 0.714286 1.4 0.714286 1.2 0.916667 1.09091 0.75 

Время двойного шага:
22 24 24 24 22 23 23 21 

Изменение двойного шага:
1.09091 1 1 0.916667 1.04545 1 0.913043 

