Точки Максимума:
0.266169 0.332838 0.331989 0.282475 0.284846 

Позиции Максимума:
7 33 58 81 108 

Точки Ммнимума:
0.0408786 0.0737219 0.0699834 0.0276407 0.0807825 

Позиции Минимума:
19 45 69 93 118 

Точки амлитуды:
0.22529 0.29196 0.259116 0.258267 0.262006 0.212492 0.254834 0.257205 0.204063 

Время j-го шага:
12 14 12 13 11 12 12 15 10 

Точки амплитуды/2:
0.112645 0.14598 0.129558 0.129134 0.131003 0.106246 0.127417 0.128603 0.102032 

Точки максимума и минимума:
0.266169 0.0408786 0.332838 0.0737219 0.331989 0.0699834 0.282475 0.0276407 0.284846 0.0807825 

Позиции максимума и минимума:
7 19 33 45 58 69 81 93 108 118 

Дельта амплитуды:
1.29593 0.887507 0.996723 1.01448 0.811019 1.19927 1.0093 0.793387 

Точка Сигма:
0.117207 0.145284 0.152149 0.116524 0.139584 0.105647 0.153114 0.109987 0.105203 

Позиция Сигма:
13 27 39 50 63 74 86 100 114 

Дельта Сигма:
1.23955 1.04725 0.765855 1.1979 0.75687 1.4493 0.718334 0.956508 

Темп:
0.0187742 0.0208543 0.021593 0.0198667 0.0238187 0.0177076 0.0212362 0.017147 0.0204063 

Дельта темпа:
0.900257 0.965787 1.0869 0.83408 1.34511 0.833842 1.23848 0.840279 

Средняя скорость движения (300/167):
2.7027 

Частота:
0.0900901 

Средняя длина шага:
30 

Изменение времени между шагами:
1.16667 0.857143 1.08333 0.846154 1.09091 1 1.25 0.666667 

Время двойного шага:
26 26 25 24 23 24 27 25 

Изменение двойного шага:
1 0.961538 0.96 0.958333 1.04348 1.125 0.925926 

