Точки Максимума:
0.286884 0.250736 0.261562 0.25985 

Позиции Максимума:
24 48 72 94 

Точки Ммнимума:
0.073759 0.0413963 0.0356487 0.066586 0.018353 

Позиции Минимума:
13 34 59 82 104 

Точки амлитуды:
0.213125 0.245487 0.20934 0.215087 0.225913 0.194976 0.193264 0.241497 

Время j-го шага:
11 10 14 11 13 10 12 10 

Точки амплитуды/2:
0.106562 0.122744 0.10467 0.107544 0.112957 0.097488 0.0966319 0.120748 

Точки максимума и минимума:
0.073759 0.286884 0.0413963 0.250736 0.0356487 0.261562 0.066586 0.25985 0.018353 

Позиции максимума и минимума:
13 24 34 48 59 72 82 94 104 

Дельта амплитуды:
1.15185 0.852752 1.02746 1.05033 0.863057 0.991219 1.24957 

Точка Сигма:
0.105486 0.132559 0.091236 0.144229 0.101878 0.108831 0.0955386 0.138335 

Позиция Сигма:
18 29 41 52 65 77 85 98 

Дельта Сигма:
1.25665 0.688265 1.58083 0.706364 1.06825 0.877864 1.44795 

Темп:
0.019375 0.0245487 0.0149528 0.0195534 0.0173779 0.0194976 0.0161053 0.0241497 

Дельта темпа:
0.789245 1.64174 0.764718 1.12519 0.891286 1.21063 0.666896 

Средняя скорость движения (300/167):
3.2967 

Частота:
0.0989011 

Средняя длина шага:
33.3333 

Изменение времени между шагами:
0.909091 1.4 0.785714 1.18182 0.769231 1.2 0.833333 

Время двойного шага:
21 24 25 24 23 22 22 

Изменение двойного шага:
1.14286 1.04167 0.96 0.958333 0.956522 1 

