Точки Максимума:
0.209508 0.33027 0.27161 0.248962 0.272945 

Позиции Максимума:
4 28 48 72 94 

Точки Ммнимума:
0.0369247 0.0548569 0.0208619 0.041543 0.0394762 

Позиции Минимума:
12 37 59 80 106 

Точки амлитуды:
0.172583 0.293345 0.275413 0.216753 0.250748 0.228101 0.207419 0.231402 0.233469 

Время j-го шага:
8 16 9 11 11 13 8 14 12 

Точки амплитуды/2:
0.0862917 0.146673 0.137706 0.108377 0.125374 0.11405 0.10371 0.115701 0.116734 

Точки максимума и минимума:
0.209508 0.0369247 0.33027 0.0548569 0.27161 0.0208619 0.248962 0.041543 0.272945 0.0394762 

Позиции максимума и минимума:
4 12 28 37 48 59 72 80 94 106 

Дельта амплитуды:
1.69973 0.93887 0.787012 1.15684 0.909679 0.909333 1.11562 1.00893 

Точка Сигма:
0.0938162 0.121794 0.19144 0.0932756 0.132751 0.105064 0.115731 0.0951385 0.127594 

Позиция Сигма:
8 20 31 41 53 67 76 85 99 

Дельта Сигма:
1.29822 1.57184 0.487231 1.42321 0.791442 1.10152 0.822069 1.34114 

Темп:
0.0215729 0.0183341 0.0306014 0.0197049 0.0227953 0.0175462 0.0259274 0.0165287 0.0194557 

Дельта темпа:
1.17666 0.599124 1.55299 0.864426 1.29916 0.676743 1.56863 0.849555 

Средняя скорость движения (300/167):
2.94118 

Частота:
0.0980392 

Средняя длина шага:
30 

Изменение времени между шагами:
2 0.5625 1.22222 1 1.18182 0.615385 1.75 0.857143 

Время двойного шага:
24 25 20 22 24 21 22 26 

Изменение двойного шага:
1.04167 0.8 1.1 1.09091 0.875 1.04762 1.18182 

