Точки Максимума:
0.036709 0.365847 0.295333 0.376869 0.354493 

Позиции Максимума:
6 19 45 70 96 

Точки Ммнимума:
0.052722 0.0225116 0.0430602 0.0826186 

Позиции Минимума:
31 56 81 106 

Точки амлитуды:
0.016013 0.313125 0.343336 0.272822 0.252273 0.333809 0.29425 0.271874 

Время j-го шага:
25 12 37 11 36 11 36 10 

Точки амплитуды/2:
0.00800649 0.156563 0.171668 0.136411 0.126136 0.166904 0.147125 0.135937 

Точки максимума и минимума:
0.036709 0.052722 0.365847 0.0225116 0.295333 0.0430602 0.376869 0.0826186 0.354493 

Позиции максимума и минимума:
6 31 19 56 45 81 70 106 96 

Дельта амплитуды:
19.5544 1.09648 0.794621 0.924681 1.3232 0.881494 0.923955 

Точка Сигма:
8.3811e-303 8.3811e-303 0.182368 0.182368 0.141629 0.141629 0.186225 0.186225 

Позиция Сигма:
100000 100000 49 49 75 75 100 100 

Дельта Сигма:
1 2.17595e+301 1 0.776608 1 1.31489 1 

Темп:
0.00064052 0.0260938 0.00927934 0.024802 0.00700758 0.0303462 0.00817362 0.0271874 

Дельта темпа:
0.0245468 2.81203 0.374137 3.5393 0.230921 3.71271 0.30064 

Средняя скорость движения (300/167):
3.33333 

Частота:
0.1 

Средняя длина шага:
33.3333 

Изменение времени между шагами:
0.48 3.08333 0.297297 3.27273 0.305556 3.27273 0.277778 

Время двойного шага:
13 25 26 25 25 25 26 

Изменение двойного шага:
1.92308 1.04 0.961538 1 1 1.04 

