Точки Максимума:
0.436673 0.380863 0.372414 

Позиции Максимума:
23 50 75 

Точки Ммнимума:
0.0394811 0.031624 0.0219012 

Позиции Минимума:
8 35 61 

Точки амлитуды:
0.397192 0.405049 0.349239 0.358962 0.350513 

Время j-го шага:
15 12 15 11 14 

Точки амплитуды/2:
0.198596 0.202525 0.17462 0.179481 0.175257 

Точки максимума и минимума:
0.0394811 0.436673 0.031624 0.380863 0.0219012 0.372414 

Позиции максимума и минимума:
8 23 35 50 61 75 

Дельта амплитуды:
1.01978 0.862214 1.02784 0.976463 

Точка Сигма:
0.185697 0.244408 0.14876 0.19632 0.149566 

Позиция Сигма:
16 27 42 54 68 

Дельта Сигма:
1.31616 0.608653 1.31971 0.761847 

Темп:
0.0264795 0.0337541 0.0232826 0.0326329 0.0250367 

Дельта темпа:
0.784482 1.44976 0.71347 1.30341 

Средняя скорость движения (300/167):
4.47761 

Частота:
0.0895522 

Средняя длина шага:
50 

Изменение времени между шагами:
0.8 1.25 0.733333 1.27273 

Время двойного шага:
27 27 26 25 

Изменение двойного шага:
1 0.962963 0.961538 

Точки Максимума:
0.436673 0.380863 0.372414 0.436673 0.380863 0.372414 

Позиции Максимума:
23 50 75 22 49 74 

Точки Ммнимума:
0.0394811 0.031624 0.0219012 0.0394811 0.031624 0.0219012 0.17518 

Позиции Минимума:
8 35 61 7 34 60 80 

Точки амлитуды:
0.397192 0.405049 0.349239 0.358962 0.350513 0.397192 0.405049 0.349239 0.358962 0.350513 0.332933 0.397192 0.405049 0.349239 0.358962 0.350513 0.332933 0.397192 0.405049 0.349239 0.358962 0.350513 0.197235 

Время j-го шага:
15 12 15 11 14 15 12 15 11 14 67 15 12 15 11 14 68 15 12 15 11 14 6 

Точки амплитуды/2:
0.198596 0.202525 0.17462 0.179481 0.175257 0.198596 0.202525 0.17462 0.179481 0.175257 0.166467 0.198596 0.202525 0.17462 0.179481 0.175257 0.166467 0.198596 0.202525 0.17462 0.179481 0.175257 0.0986173 

Точки максимума и минимума:
0.0394811 0.436673 0.031624 0.380863 0.0219012 0.372414 0.0394811 0.436673 0.031624 0.380863 0.0219012 0.372414 0.0394811 0.436673 0.031624 0.380863 0.0219012 0.372414 0.17518 

Позиции максимума и минимума:
8 23 35 50 61 75 8 23 35 50 61 75 7 22 34 49 60 74 80 

Дельта амплитуды:
1.01978 0.862214 1.02784 0.976463 1.01978 0.862214 1.02784 0.976463 1.13317 1.01978 0.862214 1.02784 0.976463 0.949845 1.19301 1.01978 0.862214 1.02784 0.976463 0.949845 1.19301 1.01978 0.862214 1.02784 0.976463 0.562702 

Точка Сигма:
0.185697 0.244408 0.14876 0.19632 0.149566 0.185697 0.244408 0.14876 0.19632 0.149566 0.149566 0.185697 0.177779 0.14876 0.19632 0.149566 0.149566 0.185697 0.177779 0.14876 0.19632 0.149566 0.219935 

Позиция Сигма:
16 27 42 54 68 15 26 41 53 67 67 15 27 41 53 67 67 15 27 41 53 67 79 

Дельта Сигма:
1.31616 0.608653 1.31971 0.761847 1.31616 0.608653 1.31971 0.761847 1.24158 1.31616 0.608653 1.31971 0.761847 1 1.24158 0.957361 0.836766 1.31971 0.761847 1 1.24158 0.957361 0.836766 1.31971 0.761847 1.47049 

Темп:
0.0264795 0.0337541 0.0232826 0.0326329 0.0250367 0.0264795 0.0337541 0.0232826 0.0326329 0.0250367 0.0264795 0.0337541 0.0232826 0.0326329 0.0250367 0.00496915 0.0264795 0.0337541 0.0232826 0.0326329 0.0250367 0.00489608 0.0264795 0.0337541 0.0232826 0.0326329 0.0250367 0.0328724 

Дельта темпа:
0.784482 1.44976 0.71347 1.30341 0.784482 1.44976 0.71347 1.30341 0.945512 0.784482 1.44976 0.71347 1.30341 0.945512 0.784482 1.44976 0.71347 1.30341 5.03841 0.187661 0.784482 1.44976 0.71347 1.30341 5.11361 0.184901 0.784482 1.44976 0.71347 1.30341 0.761631 

Средняя скорость движения (300/167):
4.16667 

Частота:
0.263889 

Средняя длина шага:
15.7895 

Изменение времени между шагами:
0.8 1.25 0.733333 1.27273 0.8 1.25 0.733333 1.27273 1.07143 0.8 1.25 0.733333 1.27273 4.78571 0.223881 0.8 1.25 0.733333 1.27273 4.85714 0.220588 0.8 1.25 0.733333 1.27273 0.428571 

Время двойного шага:
27 27 26 25 27 27 26 25 -53 -52 27 27 26 25 -54 -53 27 27 26 25 20 

Изменение двойного шага:
1 0.962963 0.961538 1 0.962963 0.961538 1.08 1 0.962963 0.961538 -2.12 0.981132 -0.519231 1 0.962963 0.961538 -2.16 0.981481 -0.509434 1 0.962963 0.961538 0.8 

