Точки Максимума:
0.300423 0.405644 0.384108 0.339526 0.308011 

Позиции Максимума:
12 38 62 88 113 

Точки Ммнимума:
0.0772778 0.0835562 0.0289144 0.0749334 

Позиции Минимума:
25 49 72 99 

Точки амлитуды:
0.223145 0.328367 0.322088 0.300551 0.355193 0.310611 0.264592 0.233077 

Время j-го шага:
13 13 11 13 10 16 11 14 

Точки амплитуды/2:
0.111573 0.164183 0.161044 0.150276 0.177597 0.155306 0.132296 0.116539 

Точки максимума и минимума:
0.300423 0.0772778 0.405644 0.0835562 0.384108 0.0289144 0.339526 0.0749334 0.308011 

Позиции максимума и минимума:
12 25 38 49 62 72 88 99 113 

Дельта амплитуды:
1.47154 0.98088 0.933134 1.18181 0.874486 0.851844 0.880892 

Точка Сигма:
0.120362 0.151889 0.18853 0.135766 0.216808 0.139417 0.150184 0.109648 

Позиция Сигма:
19 31 43 55 66 81 93 104 

Дельта Сигма:
1.26193 1.24123 0.720126 1.59693 0.643043 1.07723 0.730089 

Темп:
0.017165 0.025259 0.0292807 0.0231193 0.0355193 0.0194132 0.0240539 0.0166484 

Дельта темпа:
0.679562 0.862648 1.2665 0.650895 1.82965 0.807073 1.44482 

Средняя скорость движения (300/167):
2.9703 

Частота:
0.0891089 

Средняя длина шага:
33.3333 

Изменение времени между шагами:
1 0.846154 1.18182 0.769231 1.6 0.6875 1.27273 

Время двойного шага:
26 24 24 23 26 27 25 

Изменение двойного шага:
0.923077 1 0.958333 1.13043 1.03846 0.925926 

