Точки Максимума:
0.390423 0.279726 0.348303 0.359461 0.155977 

Позиции Максимума:
10 36 62 90 116 

Точки Ммнимума:
0.0631494 0.0252895 0.0316383 0.0332157 

Позиции Минимума:
23 47 73 107 

Точки амлитуды:
0.327274 0.216577 0.254436 0.323014 0.316665 0.327823 0.326246 0.122762 

Время j-го шага:
13 13 11 15 11 17 17 9 

Точки амплитуды/2:
0.163637 0.108288 0.127218 0.161507 0.158332 0.163912 0.163123 0.0613809 

Точки максимума и минимума:
0.390423 0.0631494 0.279726 0.0252895 0.348303 0.0316383 0.359461 0.0332157 0.155977 

Позиции максимума и минимума:
10 23 36 47 62 73 90 107 116 

Дельта амплитуды:
0.661759 1.17481 1.26953 0.980345 1.03524 0.995188 0.376286 

Точка Сигма:
0.186689 0.0995853 0.167701 0.136099 0.214783 0.138111 0.192802 0.0565334 

Позиция Сигма:
15 29 40 56 66 83 95 111 

Дельта Сигма:
0.533429 1.684 0.811559 1.57813 0.643024 1.396 0.29322 

Темп:
0.0251749 0.0166597 0.0231306 0.0215342 0.0287877 0.0192837 0.0191909 0.0136402 

Дельта темпа:
1.51112 0.720247 1.07413 0.748036 1.49285 1.00483 1.40694 

Средняя скорость движения (300/167):
2.83019 

Частота:
0.0849057 

Средняя длина шага:
33.3333 

Изменение времени между шагами:
1 0.846154 1.36364 0.733333 1.54545 1 0.529412 

Время двойного шага:
26 24 26 26 28 34 26 

Изменение двойного шага:
0.923077 1.08333 1 1.07692 1.21429 0.764706 

