Точки Максимума:
0.201911 0.362428 0.34247 0.261045 0.33576 

Позиции Максимума:
9 34 60 88 113 

Точки Ммнимума:
0.0700752 0.0434091 0.0238422 0.0668916 

Позиции Минимума:
17 45 73 97 

Точки амлитуды:
0.131835 0.292353 0.319019 0.299061 0.318628 0.237203 0.194153 0.268868 

Время j-го шага:
8 17 11 15 13 15 9 16 

Точки амплитуды/2:
0.0659177 0.146176 0.159509 0.14953 0.159314 0.118601 0.0970766 0.134434 

Точки максимума и минимума:
0.201911 0.0700752 0.362428 0.0434091 0.34247 0.0238422 0.261045 0.0668916 0.33576 

Позиции максимума и минимума:
9 17 34 45 60 73 88 97 113 

Дельта амплитуды:
2.21756 1.09121 0.937439 1.06543 0.74445 0.818512 1.38482 

Точка Сигма:
0.0741186 0.129354 0.202398 0.142517 0.209104 0.0961044 0.104649 0.121371 

Позиция Сигма:
16 26 38 54 64 81 93 105 

Дельта Сигма:
1.74523 1.56469 0.704143 1.46722 0.459601 1.08891 1.15979 

Темп:
0.0164794 0.0171972 0.0290017 0.0199374 0.0245098 0.0158135 0.0215726 0.0168042 

Дельта темпа:
0.958262 0.592973 1.45464 0.813445 1.54993 0.733037 1.28376 

Средняя скорость движения (300/167):
2.88462 

Частота:
0.0865385 

Средняя длина шага:
33.3333 

Изменение времени между шагами:
2.125 0.647059 1.36364 0.866667 1.15385 0.6 1.77778 

Время двойного шага:
25 28 26 28 28 24 25 

Изменение двойного шага:
1.12 0.928571 1.07692 1 0.857143 1.04167 

