Точки Максимума:
0.363802 0.311604 0.332946 0.339395 0.161882 

Позиции Максимума:
8 32 60 85 112 

Точки Ммнимума:
0.0803543 0.0189948 0.04047 0.0531658 

Позиции Минимума:
19 43 70 101 

Точки амлитуды:
0.283448 0.23125 0.292609 0.313951 0.292476 0.298925 0.286229 0.108716 

Время j-го шага:
11 13 11 17 10 15 16 11 

Точки амплитуды/2:
0.141724 0.115625 0.146305 0.156975 0.146238 0.149462 0.143114 0.0543581 

Точки максимума и минимума:
0.363802 0.0803543 0.311604 0.0189948 0.332946 0.04047 0.339395 0.0531658 0.161882 

Позиции максимума и минимума:
8 19 32 43 60 70 85 101 112 

Дельта амплитуды:
0.815845 1.26534 1.07294 0.931597 1.02205 0.957528 0.379823 

Точка Сигма:
0.141818 0.109757 0.186939 0.151102 0.16149 0.145223 0.148073 0.0521398 

Позиция Сигма:
14 24 36 53 64 79 92 103 

Дельта Сигма:
0.773929 1.70321 0.808299 1.06874 0.899272 1.01962 0.352123 

Темп:
0.025768 0.0177884 0.0266008 0.0184677 0.0292476 0.0199283 0.0178893 0.0098833 

Дельта темпа:
1.44858 0.668717 1.4404 0.631427 1.46764 1.11398 1.81005 

Средняя скорость движения (300/167):
2.88462 

Частота:
0.0865385 

Средняя длина шага:
33.3333 

Изменение времени между шагами:
1.18182 0.846154 1.54545 0.588235 1.5 1.06667 0.6875 

Время двойного шага:
24 24 28 27 25 31 27 

Изменение двойного шага:
1 1.16667 0.964286 0.925926 1.24 0.870968 

