Точки Максимума:
0.32798 0.313459 0.196288 0.363551 

Позиции Максимума:
24 50 76 100 

Точки Ммнимума:
0.0519237 0.0376523 0.0721655 0.0462412 0.0328216 

Позиции Минимума:
7 35 59 67 85 

Точки амлитуды:
0.276057 0.290328 0.275807 0.241294 0.124123 0.150047 0.31731 0.33073 

Время j-го шага:
17 11 15 9 17 9 33 15 

Точки амплитуды/2:
0.138028 0.145164 0.137903 0.120647 0.0620615 0.0750236 0.158655 0.165365 

Точки максимума и минимума:
0.0519237 0.32798 0.0376523 0.313459 0.0721655 0.196288 0.0462412 0.363551 0.0328216 

Позиции максимума и минимума:
7 24 35 50 59 76 67 100 85 

Дельта амплитуды:
1.0517 0.949983 0.874865 0.514406 1.20886 2.11474 1.04229 

Точка Сигма:
0.113862 0.18881 0.106556 0.134108 0.0586346 0.0586346 0.156109 0.156109 

Позиция Сигма:
17 28 44 55 69 69 94 94 

Дельта Сигма:
1.65823 0.564357 1.25857 0.437219 1 2.66241 1 

Темп:
0.0162386 0.0263935 0.0183871 0.0268104 0.00730135 0.0166719 0.00961546 0.0220487 

Дельта темпа:
0.615252 1.43543 0.68582 3.67198 0.437943 1.73387 0.436102 

Средняя скорость движения (300/167):
3.84615 

Частота:
0.115385 

Средняя длина шага:
33.3333 

Изменение времени между шагами:
0.647059 1.36364 0.6 1.88889 0.529412 3.66667 0.454545 

Время двойного шага:
28 26 24 26 8 24 18 

Изменение двойного шага:
0.928571 0.923077 1.08333 0.307692 3 0.75 

