Точки Максимума:
0.314154 0.337068 0.289136 0.34943 

Позиции Максимума:
21 46 70 94 

Точки Ммнимума:
0.023296 0.0622639 0.0320763 0.0205042 0.0542437 

Позиции Минимума:
7 33 56 81 105 

Точки амлитуды:
0.290858 0.251891 0.274804 0.304991 0.25706 0.268632 0.328926 0.295186 

Время j-го шага:
14 12 13 10 14 11 13 11 

Точки амплитуды/2:
0.145429 0.125945 0.137402 0.152496 0.12853 0.134316 0.164463 0.147593 

Точки максимума и минимума:
0.023296 0.314154 0.0622639 0.337068 0.0320763 0.289136 0.0205042 0.34943 0.0542437 

Позиции максимума и минимума:
7 21 33 46 56 70 81 94 105 

Дельта амплитуды:
0.866025 1.09097 1.10985 0.842844 1.04502 1.22445 0.897425 

Точка Сигма:
0.125066 0.135416 0.111486 0.181169 0.104994 0.165777 0.13921 0.201929 

Позиция Сигма:
14 27 39 50 63 74 89 98 

Дельта Сигма:
1.08276 0.823285 1.62504 0.579537 1.57892 0.839744 1.45053 

Темп:
0.0207756 0.0209909 0.0211388 0.0304991 0.0183614 0.0244211 0.025302 0.0268351 

Дельта темпа:
0.989744 0.993004 0.693094 1.66104 0.751867 0.965186 0.942868 

Средняя скорость движения (300/167):
3.06122 

Частота:
0.0918367 

Средняя длина шага:
33.3333 

Изменение времени между шагами:
0.857143 1.08333 0.769231 1.4 0.785714 1.18182 0.846154 

Время двойного шага:
26 25 23 24 25 24 24 

Изменение двойного шага:
0.961538 0.92 1.04348 1.04167 0.96 1 

