Точки Максимума:
0.318835 0.375021 0.355321 0.361462 0.359283 

Позиции Максимума:
5 31 59 84 112 

Точки Ммнимума:
0.101262 0.0232369 0.0659879 0.131367 

Позиции Минимума:
17 45 71 97 

Точки амлитуды:
0.217573 0.273759 0.351784 0.332084 0.289333 0.295474 0.230095 0.227916 

Время j-го шага:
12 14 14 14 12 13 13 15 

Точки амплитуды/2:
0.108787 0.13688 0.175892 0.166042 0.144666 0.147737 0.115047 0.113958 

Точки максимума и минимума:
0.318835 0.101262 0.375021 0.0232369 0.355321 0.0659879 0.361462 0.131367 0.359283 

Позиции максимума и минимума:
5 17 31 45 59 71 84 97 112 

Дельта амплитуды:
1.25824 1.28501 0.943998 0.871264 1.02123 0.778731 0.990531 

Точка Сигма:
0.109932 0.134771 0.20897 0.146017 0.155439 0.132969 0.135825 0.135825 

Позиция Сигма:
15 23 36 53 64 78 96 96 

Дельта Сигма:
1.22594 1.55056 0.698745 1.06453 0.855439 1.02148 1 

Темп:
0.0181311 0.0195542 0.0251275 0.0237203 0.0241111 0.0227288 0.0176996 0.0151944 

Дельта темпа:
0.927222 0.778203 1.05932 0.983792 1.06082 1.28414 1.16488 

Средняя скорость движения (300/167):
2.80374 

Частота:
0.0841121 

Средняя длина шага:
33.3333 

Изменение времени между шагами:
1.16667 1 1 0.857143 1.08333 1 1.15385 

Время двойного шага:
26 28 28 26 25 26 28 

Изменение двойного шага:
1.07692 1 0.928571 0.961538 1.04 1.07692 

