Точки Максимума:
0.373918 0.331199 0.404173 0.349696 0.323943 

Позиции Максимума:
5 30 57 83 110 

Точки Ммнимума:
0.0875699 0.0210032 0.0636091 0.0921478 

Позиции Минимума:
17 41 69 95 

Точки амлитуды:
0.286348 0.243629 0.310196 0.38317 0.340564 0.286087 0.257548 0.231796 

Время j-го шага:
12 13 11 16 12 14 12 15 

Точки амплитуды/2:
0.143174 0.121815 0.155098 0.191585 0.170282 0.143043 0.128774 0.115898 

Точки максимума и минимума:
0.373918 0.0875699 0.331199 0.0210032 0.404173 0.0636091 0.349696 0.0921478 0.323943 

Позиции максимума и минимума:
5 17 30 41 57 69 83 95 110 

Дельта амплитуды:
0.850815 1.27323 1.23525 0.888807 0.840038 0.900245 0.90001 

Точка Сигма:
0.173534 0.110635 0.157336 0.176986 0.189976 0.122433 0.153072 0.113949 

Позиция Сигма:
10 22 35 52 62 76 90 100 

Дельта Сигма:
0.637542 1.42212 1.12489 1.07339 0.644464 1.25026 0.744415 

Темп:
0.0238623 0.0187407 0.0281996 0.0239481 0.0283803 0.0204348 0.0214623 0.015453 

Дельта темпа:
1.27329 0.664573 1.17753 0.843828 1.38883 0.952122 1.38887 

Средняя скорость движения (300/167):
2.85714 

Частота:
0.0857143 

Средняя длина шага:
33.3333 

Изменение времени между шагами:
1.08333 0.846154 1.45455 0.75 1.16667 0.857143 1.25 

Время двойного шага:
25 24 27 28 26 26 27 

Изменение двойного шага:
0.96 1.125 1.03704 0.928571 1 1.03846 

