Точки Максимума:
0.297944 0.185924 0.280401 0.332997 0.273389 0.326633 

Позиции Максимума:
6 30 55 78 101 127 

Точки Ммнимума:
0.0874359 0.0226037 0.0549174 0.0666149 0.0508873 

Позиции Минимума:
17 39 65 88 111 

Точки амлитуды:
0.210508 0.098488 0.16332 0.257797 0.225484 0.27808 0.266382 0.206774 0.222501 0.275746 

Время j-го шага:
11 13 9 16 10 13 10 13 10 16 

Точки амплитуды/2:
0.105254 0.049244 0.0816601 0.128899 0.112742 0.13904 0.133191 0.103387 0.111251 0.137873 

Точки максимума и минимума:
0.297944 0.0874359 0.185924 0.0226037 0.280401 0.0549174 0.332997 0.0666149 0.273389 0.0508873 0.326633 

Позиции максимума и минимума:
6 17 30 39 55 65 78 88 101 111 127 

Дельта амплитуды:
0.467859 1.65827 1.57848 0.874655 1.23326 0.957935 0.776229 1.07606 1.2393 

Точка Сигма:
0.10691 0.10691 0.110445 0.109848 0.124028 0.120789 0.172067 0.0978222 0.122352 0.127038 

Позиция Сигма:
14 14 34 48 60 72 82 93 106 120 

Дельта Сигма:
1 1.03306 0.9946 1.12909 0.973883 1.42453 0.568514 1.25076 1.03831 

Темп:
0.0191371 0.007576 0.0181467 0.0161123 0.0225484 0.0213907 0.0266382 0.0159057 0.0222501 0.0172341 

Дельта темпа:
2.52601 0.417487 1.12626 0.714568 1.05412 0.80301 1.67476 0.714857 1.29105 

Средняя скорость движения (300/167):
2.47934 

Частота:
0.0909091 

Средняя длина шага:
27.2727 

Изменение времени между шагами:
1.18182 0.692308 1.77778 0.625 1.3 0.769231 1.3 0.769231 1.6 

Время двойного шага:
24 22 25 26 23 23 23 23 26 

Изменение двойного шага:
0.916667 1.13636 1.04 0.884615 1 1 1 1.13043 

