Точки Максимума:
0.286211 0.289314 0.251192 0.214451 0.310701 

Позиции Максимума:
26 52 77 98 127 

Точки Ммнимума:
0.100321 0.0569925 0.0528448 0.0640482 0.0237476 0.104797 

Позиции Минимума:
13 37 63 87 111 137 

Точки амлитуды:
0.18589 0.229218 0.232321 0.236469 0.198347 0.187144 0.150403 0.190703 0.286953 0.205904 

Время j-го шага:
13 11 15 11 14 10 11 13 16 10 

Точки амплитуды/2:
0.0929448 0.114609 0.116161 0.118234 0.0991737 0.093572 0.0752013 0.0953516 0.143477 0.102952 

Точки максимума и минимума:
0.100321 0.286211 0.0569925 0.289314 0.0528448 0.251192 0.0640482 0.214451 0.0237476 0.310701 0.104797 

Позиции максимума и минимума:
13 26 37 52 63 77 87 98 111 127 137 

Дельта амплитуды:
1.23309 1.01354 1.01785 0.838788 0.943516 0.803673 1.26795 1.50471 0.717551 

Точка Сигма:
8.3811e-303 0.136902 0.10477 0.156806 0.0925596 0.115032 0.0709378 0.11634 0.133577 0.10802 

Позиция Сигма:
100000 31 44 56 69 82 89 104 121 136 

Дельта Сигма:
1.63346e+301 0.765292 1.49667 0.59028 1.24279 0.616678 1.64002 1.14816 0.808669 

Темп:
0.0142992 0.020838 0.0154881 0.0214972 0.0141677 0.0187144 0.013673 0.0146695 0.0179346 0.0205904 

Дельта темпа:
0.686207 1.34542 0.720471 1.51734 0.757046 1.36872 0.932069 0.817944 0.871018 

Средняя скорость движения (300/167):
2.41935 

Частота:
0.0887097 

Средняя длина шага:
27.2727 

Изменение времени между шагами:
0.846154 1.36364 0.733333 1.27273 0.714286 1.1 1.18182 1.23077 0.625 

Время двойного шага:
24 26 26 25 24 21 24 29 26 

Изменение двойного шага:
1.08333 1 0.961538 0.96 0.875 1.14286 1.20833 0.896552 

