Точки Максимума:
0.306452 0.201735 0.250586 0.280219 0.281399 0.302332 

Позиции Максимума:
8 32 56 82 106 130 

Точки Ммнимума:
0.0374678 0.0303877 0.0239145 0.0592297 0.0604954 

Позиции Минимума:
19 41 67 90 117 

Точки амлитуды:
0.268984 0.164267 0.171347 0.220199 0.226672 0.256305 0.22099 0.222169 0.220903 0.241837 

Время j-го шага:
11 13 9 15 11 15 8 16 11 13 

Точки амплитуды/2:
0.134492 0.0821335 0.0856735 0.110099 0.113336 0.128152 0.110495 0.111084 0.110452 0.120918 

Точки максимума и минимума:
0.306452 0.0374678 0.201735 0.0303877 0.250586 0.0239145 0.280219 0.0592297 0.281399 0.0604954 0.302332 

Позиции максимума и минимума:
8 19 32 41 56 67 82 90 106 117 130 

Дельта амплитуды:
0.610694 1.0431 1.2851 1.0294 1.13073 0.862214 1.00534 0.994303 1.09476 

Точка Сигма:
0.178104 0.0746198 0.112964 0.109399 0.136109 0.109836 0.141725 0.0962573 0.124781 0.110988 

Позиция Сигма:
12 27 36 50 61 75 86 98 111 122 

Дельта Сигма:
0.418969 1.51386 0.968438 1.24416 0.806972 1.29033 0.679183 1.29632 0.889464 

Темп:
0.0244531 0.0126359 0.0190386 0.0146799 0.0206065 0.017087 0.0276237 0.0138856 0.0200821 0.0186028 

Дельта темпа:
1.93521 0.663701 1.29691 0.712391 1.20598 0.618563 1.98938 0.691439 1.07952 

Средняя скорость движения (300/167):
2.45902 

Частота:
0.0901639 

Средняя длина шага:
27.2727 

Изменение времени между шагами:
1.18182 0.692308 1.66667 0.733333 1.36364 0.533333 2 0.6875 1.18182 

Время двойного шага:
24 22 24 26 26 23 24 27 24 

Изменение двойного шага:
0.916667 1.09091 1.08333 1 0.884615 1.04348 1.125 0.888889 

