Точки Максимума:
0.327396 0.312346 0.296444 0.222336 0.206103 0.272468 

Позиции Максимума:
7 32 58 83 109 132 

Точки Ммнимума:
0.0474971 0.0703302 0.0583996 0.0230143 0.0837259 

Позиции Минимума:
19 43 67 93 116 

Точки амлитуды:
0.279899 0.264848 0.242015 0.226113 0.238044 0.163936 0.199321 0.183089 0.122377 0.188742 

Время j-го шага:
12 13 11 15 9 16 10 16 7 16 

Точки амплитуды/2:
0.139949 0.132424 0.121008 0.113057 0.119022 0.0819681 0.0996607 0.0915445 0.0611887 0.094371 

Точки максимума и минимума:
0.327396 0.0474971 0.312346 0.0703302 0.296444 0.0583996 0.222336 0.0230143 0.206103 0.0837259 0.272468 

Позиции максимума и минимума:
7 19 32 43 58 67 83 93 109 116 132 

Дельта амплитуды:
0.94623 0.913788 0.934294 1.05276 0.68868 1.21585 0.918561 0.668404 1.54229 

Точка Сигма:
0.149191 0.111895 0.146364 0.107869 0.152354 0.077231 0.118946 0.0748424 0.0897074 0.091118 

Позиция Сигма:
12 26 37 48 62 74 87 101 115 118 

Дельта Сигма:
0.750013 1.30804 0.736996 1.41239 0.506918 1.54013 0.629214 1.19862 1.01572 

Темп:
0.0233249 0.020373 0.0220014 0.0150742 0.0264493 0.010246 0.0199321 0.0114431 0.0174825 0.0117964 

Дельта темпа:
1.14489 0.925985 1.45954 0.569928 2.58143 0.514045 1.74185 0.654544 1.48202 

Средняя скорость движения (300/167):
2.4 

Частота:
0.088 

Средняя длина шага:
27.2727 

Изменение времени между шагами:
1.08333 0.846154 1.36364 0.6 1.77778 0.625 1.6 0.4375 2.28571 

Время двойного шага:
25 24 26 24 25 26 26 23 23 

Изменение двойного шага:
0.96 1.08333 0.923077 1.04167 1.04 1 0.884615 1 

