Точки Максимума:
0.347472 0.329615 0.309186 0.321856 0.315277 

Позиции Максимума:
4 31 57 83 108 

Точки Ммнимума:
0.0587521 0.0303085 0.027856 0.0531437 

Позиции Минимума:
17 43 69 93 

Точки амлитуды:
0.28872 0.270863 0.299307 0.278878 0.28133 0.294 0.268712 0.262134 

Время j-го шага:
13 14 12 14 12 14 10 15 

Точки амплитуды/2:
0.14436 0.135432 0.149653 0.139439 0.140665 0.147 0.134356 0.131067 

Точки максимума и минимума:
0.347472 0.0587521 0.329615 0.0303085 0.309186 0.027856 0.321856 0.0531437 0.315277 

Позиции максимума и минимума:
4 17 31 43 57 69 83 93 108 

Дельта амплитуды:
0.938153 1.10501 0.931745 1.00879 1.04503 0.913987 0.975519 

Точка Сигма:
0.154293 0.105851 0.201963 0.112498 0.171476 0.122515 0.168546 0.108116 

Позиция Сигма:
10 24 35 51 61 77 87 101 

Дельта Сигма:
0.686037 1.908 0.557023 1.52425 0.714476 1.37571 0.641463 

Темп:
0.0222092 0.0193474 0.0249422 0.0199198 0.0234442 0.021 0.0268712 0.0174756 

Дельта темпа:
1.14792 0.775687 1.25213 0.849671 1.11639 0.781505 1.53764 

Средняя скорость движения (300/167):
2.88462 

Частота:
0.0865385 

Средняя длина шага:
33.3333 

Изменение времени между шагами:
1.07692 0.857143 1.16667 0.857143 1.16667 0.714286 1.5 

Время двойного шага:
27 26 26 26 26 24 25 

Изменение двойного шага:
0.962963 1 1 1 0.923077 1.04167 

