Точки Максимума:
0.466473 0.382162 0.411055 0.417105 

Позиции Максимума:
25 54 82 110 

Точки Ммнимума:
0.177293 0.0386624 0.103081 0.0933372 0.0569043 

Позиции Минимума:
9 42 65 93 127 

Точки амлитуды:
0.28918 0.427811 0.3435 0.279082 0.307975 0.317718 0.323768 0.360201 

Время j-го шага:
16 17 12 11 17 11 17 17 

Точки амплитуды/2:
0.14459 0.213905 0.17175 0.139541 0.153987 0.158859 0.161884 0.1801 

Точки максимума и минимума:
0.177293 0.466473 0.0386624 0.382162 0.103081 0.411055 0.0933372 0.417105 0.0569043 

Позиции максимума и минимума:
9 25 42 54 65 82 93 110 127 

Дельта амплитуды:
1.47939 0.802925 0.812465 1.10353 1.03164 1.01904 1.11253 

Точка Сигма:
8.3811e-303 0.262958 0.131983 0.140139 0.151495 0.16353 0.146919 0.186912 

Позиция Сигма:
100000 30 47 61 70 88 99 116 

Дельта Сигма:
3.13751e+301 0.501917 1.06179 1.08104 1.07944 0.898422 1.27221 

Темп:
0.0180737 0.0251653 0.028625 0.0253711 0.0181162 0.0288835 0.0190452 0.0211883 

Дельта темпа:
0.7182 0.879138 1.12825 1.40047 0.627215 1.51658 0.898854 

Средняя скорость движения (300/167):
2.54237 

Частота:
0.0762712 

Средняя длина шага:
33.3333 

Изменение времени между шагами:
1.0625 0.705882 0.916667 1.54545 0.647059 1.54545 1 

Время двойного шага:
33 29 23 28 28 28 34 

Изменение двойного шага:
0.878788 0.793103 1.21739 1 1 1.21429 

