Точки Максимума:
0.283819 0.335231 0.317789 0.288788 0.308182 

Позиции Максимума:
10 36 61 86 111 

Точки Ммнимума:
0.0350076 0.0495278 0.0268353 0.0197347 

Позиции Минимума:
21 47 73 97 

Точки амлитуды:
0.248811 0.300223 0.285703 0.268262 0.290954 0.261953 0.269053 0.288447 

Время j-го шага:
11 15 11 14 12 13 11 14 

Точки амплитуды/2:
0.124406 0.150112 0.142852 0.134131 0.145477 0.130976 0.134527 0.144224 

Точки максимума и минимума:
0.283819 0.0350076 0.335231 0.0495278 0.317789 0.0268353 0.288788 0.0197347 0.308182 

Позиции максимума и минимума:
10 21 36 47 61 73 86 97 111 

Дельта амплитуды:
1.20663 0.951635 0.938953 1.08459 0.900323 1.02711 1.07208 

Точка Сигма:
0.156323 0.127104 0.147824 0.101519 0.169441 0.127329 0.137265 0.109729 

Позиция Сигма:
14 30 41 54 65 81 91 106 

Дельта Сигма:
0.813081 1.16302 0.686753 1.66907 0.751462 1.07803 0.799397 

Темп:
0.0226192 0.0200149 0.025973 0.0191615 0.0242462 0.0201502 0.0244594 0.0206034 

Дельта темпа:
1.13012 0.770603 1.35548 0.790291 1.20327 0.823823 1.18716 

Средняя скорость движения (300/167):
2.9703 

Частота:
0.0891089 

Средняя длина шага:
33.3333 

Изменение времени между шагами:
1.36364 0.733333 1.27273 0.857143 1.08333 0.846154 1.27273 

Время двойного шага:
26 26 25 26 25 24 25 

Изменение двойного шага:
1 0.961538 1.04 0.961538 0.96 1.04167 

