Точки Максимума:
0.363215 0.383375 0.380877 0.318621 0.330804 

Позиции Максимума:
9 34 62 92 117 

Точки Ммнимума:
0.109689 0.0757431 0.0353452 0.150142 

Позиции Минимума:
20 45 81 102 

Точки амлитуды:
0.253526 0.273686 0.307632 0.305134 0.345532 0.283275 0.168479 0.180662 

Время j-го шага:
11 14 11 17 19 11 10 15 

Точки амплитуды/2:
0.126763 0.136843 0.153816 0.152567 0.172766 0.141638 0.0842394 0.0903309 

Точки максимума и минимума:
0.363215 0.109689 0.383375 0.0757431 0.380877 0.0353452 0.318621 0.150142 0.330804 

Позиции максимума и минимума:
9 20 34 45 62 81 92 102 117 

Дельта амплитуды:
1.07952 1.12403 0.99188 1.13239 0.819824 0.594753 1.07231 

Точка Сигма:
0.143173 0.125059 0.163554 0.133268 0.182181 0.120849 0.150875 0.150875 

Позиция Сигма:
16 22 40 51 68 85 101 101 

Дельта Сигма:
0.873478 1.30782 0.814825 1.36703 0.663346 1.24845 1 

Темп:
0.0230478 0.019549 0.0279665 0.0179491 0.0181859 0.0257523 0.0168479 0.0120441 

Дельта темпа:
1.17898 0.699014 1.55811 0.986977 0.706185 1.52852 1.39885 

Средняя скорость движения (300/167):
2.77778 

Частота:
0.0833333 

Средняя длина шага:
33.3333 

Изменение времени между шагами:
1.27273 0.785714 1.54545 1.11765 0.578947 0.909091 1.5 

Время двойного шага:
25 25 28 36 30 21 25 

Изменение двойного шага:
1 1.12 1.28571 0.833333 0.7 1.19048 

