Точки Максимума:
0.329658 0.288785 0.438181 0.393133 0.442951 

Позиции Максимума:
8 34 64 92 118 

Точки Ммнимума:
0.124969 0.0363367 0.0962625 0.119779 

Позиции Минимума:
22 44 77 105 

Точки амлитуды:
0.204689 0.163816 0.252448 0.401844 0.341919 0.29687 0.273353 0.323172 

Время j-го шага:
14 12 10 20 13 15 13 13 

Точки амплитуды/2:
0.102344 0.081908 0.126224 0.200922 0.170959 0.148435 0.136677 0.161586 

Точки максимума и минимума:
0.329658 0.124969 0.288785 0.0363367 0.438181 0.0962625 0.393133 0.119779 0.442951 

Позиции максимума и минимума:
8 22 34 44 64 77 92 105 118 

Дельта амплитуды:
0.800318 1.54105 1.59179 0.850873 0.868248 0.920784 1.18225 

Точка Сигма:
0.125488 0.125488 0.141689 0.19558 0.205169 0.134341 0.150347 0.153704 

Позиция Сигма:
21 21 40 57 70 83 100 108 

Дельта Сигма:
1 1.1291 1.38034 1.04903 0.65478 1.11915 1.02233 

Темп:
0.0146206 0.0136513 0.0252448 0.0200922 0.0263014 0.0197913 0.0210272 0.0248594 

Дельта темпа:
1.071 0.540758 1.25645 0.763921 1.32894 0.941227 0.845845 

Средняя скорость движения (300/167):
2.72727 

Частота:
0.0818182 

Средняя длина шага:
33.3333 

Изменение времени между шагами:
0.857143 0.833333 2 0.65 1.15385 0.866667 1 

Время двойного шага:
26 22 30 33 28 28 26 

Изменение двойного шага:
0.846154 1.36364 1.1 0.848485 1 0.928571 

