Точки Максимума:
0.405863 0.390615 0.313292 0.372446 

Позиции Максимума:
30 57 86 114 

Точки Ммнимума:
0.0794152 0.125485 0.125508 0.0308711 0.163043 

Позиции Минимума:
13 42 69 97 129 

Точки амлитуды:
0.326448 0.280378 0.26513 0.265108 0.187785 0.282421 0.341575 0.209404 

Время j-го шага:
17 12 15 12 17 11 17 15 

Точки амплитуды/2:
0.163224 0.140189 0.132565 0.132554 0.0938923 0.141211 0.170788 0.104702 

Точки максимума и минимума:
0.0794152 0.405863 0.125485 0.390615 0.125508 0.313292 0.0308711 0.372446 0.163043 

Позиции максимума и минимума:
13 30 42 57 69 86 97 114 129 

Дельта амплитуды:
0.858875 0.945619 0.999915 0.708333 1.50396 1.20945 0.613053 

Точка Сигма:
0.150714 0.144522 0.130423 0.133087 0.133087 0.179665 0.158633 0.163888 

Позиция Сигма:
19 39 44 67 67 91 104 128 

Дельта Сигма:
0.958917 0.902442 1.02043 1 1.34998 0.88294 1.03313 

Темп:
0.0192028 0.0233648 0.0176754 0.0220923 0.0110462 0.0256746 0.0200927 0.0139603 

Дельта темпа:
0.821868 1.32189 0.800068 2 0.430236 1.27781 1.43928 

Средняя скорость движения (300/167):
2.58621 

Частота:
0.0775862 

Средняя длина шага:
33.3333 

Изменение времени между шагами:
0.705882 1.25 0.8 1.41667 0.647059 1.54545 0.882353 

Время двойного шага:
29 27 27 29 28 28 32 

Изменение двойного шага:
0.931034 1 1.07407 0.965517 1 1.14286 

