Точки Максимума:
0.0167063 0.0388518 0.599637 0.23946 0.148963 

Позиции Максимума:
6 16 39 52 67 

Точки Ммнимума:
0.0313998 0.22832 0.0481732 0.108148 

Позиции Минимума:
21 49 62 74 

Точки амлитуды:
0.0146935 0.00745197 0.189468 0.371317 0.551464 0.191287 0.131312 0.0408155 

Время j-го шага:
15 5 33 10 23 10 22 7 

Точки амплитуды/2:
0.00734676 0.00372599 0.0947342 0.185658 0.275732 0.0956433 0.0656561 0.0204077 

Точки максимума и минимума:
0.0167063 0.0313998 0.0388518 0.22832 0.599637 0.0481732 0.23946 0.108148 0.148963 

Позиции максимума и минимума:
6 21 16 49 39 62 52 74 67 

Дельта амплитуды:
0.50716 25.4253 1.95978 1.48516 0.346871 0.686468 0.310828 

Точка Сигма:
8.3811e-303 8.3811e-303 0.0667913 0.0667913 0.287983 0.287983 0.108687 0.108687 

Позиция Сигма:
100000 100000 27 27 45 45 73 73 

Дельта Сигма:
1 7.96928e+300 1 4.31168 1 0.377408 1 

Темп:
0.000979568 0.00149039 0.00574147 0.0371317 0.0239767 0.0191287 0.00596874 0.00583078 

Дельта темпа:
0.657254 0.259584 0.154625 1.54866 1.25344 3.20481 1.02366 

Средняя скорость движения (300/167):
4.91803 

Частота:
0.147541 

Средняя длина шага:
33.3333 

Изменение времени между шагами:
0.333333 6.6 0.30303 2.3 0.434783 2.2 0.318182 

Время двойного шага:
10 28 23 13 13 12 15 

Изменение двойного шага:
2.8 0.821429 0.565217 1 0.923077 1.25 

