Точки Максимума:
0.57925 0.630314 0.227586 0.284088 0.0084965 

Позиции Максимума:
4 56 78 92 112 

Точки Ммнимума:
0.319469 0.245343 0.16844 0.0684143 0.0529197 0.0069752 

Позиции Минимума:
15 29 41 71 85 107 

Точки амлитуды:
0.259781 0.333907 0.384971 0.461874 0.0591464 0.159172 0.215674 0.231168 0.0444232 0.0015213 

Время j-го шага:
11 25 27 15 37 7 21 7 27 5 

Точки амплитуды/2:
0.12989 0.166954 0.192485 0.230937 0.0295732 0.0795859 0.107837 0.115584 0.0222116 0.00076065 

Точки максимума и минимума:
0.319469 0.57925 0.245343 0.630314 0.16844 0.227586 0.0684143 0.284088 0.0529197 0.0084965 0.0069752 

Позиции максимума и минимума:
15 4 29 56 41 78 71 92 85 112 107 

Дельта амплитуды:
1.28534 1.15293 1.19976 0.128058 2.69115 1.35497 1.07184 0.192168 0.0342456 

Точка Сигма:
8.3811e-303 0.24544 0.176623 0.176623 0.176623 0.176623 0.0543782 0.0543782 0.0250295 0.0250295 

Позиция Сигма:
0.00793869 28 44 44 44 44 88 88 102 102 

Дельта Сигма:
2.92849e+301 0.71962 1 1 1 0.307877 1 0.460285 1 

Темп:
0.0236164 0.0133563 0.0142582 0.0307916 0.00159855 0.0227388 0.0102702 0.033024 0.00164531 0.00030426 

Дельта темпа:
1.76819 0.936745 0.463054 19.2622 0.0703006 2.21407 0.310991 20.0717 5.40756 

Средняя скорость движения (300/167):
3.26087 

Частота:
0.119565 

Средняя длина шага:
27.2727 

Изменение времени между шагами:
2.27273 1.08 0.555556 2.46667 0.189189 3 0.333333 3.85714 0.185185 

Время двойного шага:
14 52 12 22 30 14 14 20 22 

Изменение двойного шага:
3.71429 0.230769 1.83333 1.36364 0.466667 1 1.42857 1.1 

