Точки Максимума:
0.361166 0.341429 0.323236 0.380015 

Позиции Максимума:
30 56 84 112 

Точки Ммнимума:
0.0185468 0.0511848 0.0254979 0.0357656 0.0818005 

Позиции Минимума:
13 41 69 94 123 

Точки амлитуды:
0.342619 0.309981 0.290244 0.315931 0.297738 0.287471 0.344249 0.298214 

Время j-го шага:
17 11 15 13 15 10 18 11 

Точки амплитуды/2:
0.171309 0.15499 0.145122 0.157966 0.148869 0.143735 0.172124 0.149107 

Точки максимума и минимума:
0.0185468 0.361166 0.0511848 0.341429 0.0254979 0.323236 0.0357656 0.380015 0.0818005 

Позиции максимума и минимума:
13 30 41 56 69 84 94 112 123 

Дельта амплитуды:
0.904739 0.93633 1.0885 0.942415 0.965514 1.19751 0.866274 

Точка Сигма:
0.145159 0.173999 0.13744 0.167764 0.135017 0.149311 0.148332 0.186602 

Позиция Сигма:
23 35 48 61 78 89 103 117 

Дельта Сигма:
1.19867 0.78989 1.22063 0.804802 1.10587 0.993442 1.258 

Темп:
0.0201541 0.0281801 0.0193496 0.0243024 0.0198492 0.0287471 0.0191249 0.0271104 

Дельта темпа:
0.715188 1.45636 0.796202 1.22435 0.690478 1.50312 0.705448 

Средняя скорость движения (300/167):
2.72727 

Частота:
0.0818182 

Средняя длина шага:
33.3333 

Изменение времени между шагами:
0.647059 1.36364 0.866667 1.15385 0.666667 1.8 0.611111 

Время двойного шага:
28 26 28 28 25 28 29 

Изменение двойного шага:
0.928571 1.07692 1 0.892857 1.12 1.03571 

