Точки Максимума:
0.317389 0.298112 0.341711 0.312924 

Позиции Максимума:
27 52 78 103 

Точки Ммнимума:
0.0796455 0.0327729 0.0408418 0.0555387 0.0165701 

Позиции Минимума:
15 39 63 89 115 

Точки амлитуды:
0.237744 0.284616 0.265339 0.25727 0.300869 0.286172 0.257385 0.296353 

Время j-го шага:
12 12 13 11 15 11 14 12 

Точки амплитуды/2:
0.118872 0.142308 0.13267 0.128635 0.150434 0.143086 0.128692 0.148177 

Точки максимума и минимума:
0.0796455 0.317389 0.0327729 0.298112 0.0408418 0.341711 0.0555387 0.312924 0.0165701 

Позиции максимума и минимума:
15 27 39 52 63 78 89 103 115 

Дельта амплитуды:
1.19716 0.932269 0.96959 1.16947 0.951152 0.899406 1.1514 

Точка Сигма:
0.111172 0.184256 0.124941 0.170721 0.119231 0.177026 0.103991 0.191656 

Позиция Сигма:
19 31 47 56 71 82 96 107 

Дельта Сигма:
1.65739 0.678086 1.36641 0.698398 1.48472 0.587433 1.84301 

Темп:
0.019812 0.023718 0.0204107 0.0233882 0.0200579 0.0260156 0.0183846 0.0246961 

Дельта темпа:
0.835313 1.16204 0.872692 1.16603 0.770995 1.41507 0.744434 

Средняя скорость движения (300/167):
3 

Частота:
0.09 

Средняя длина шага:
33.3333 

Изменение времени между шагами:
1 1.08333 0.846154 1.36364 0.733333 1.27273 0.857143 

Время двойного шага:
24 25 24 26 26 25 26 

Изменение двойного шага:
1.04167 0.96 1.08333 1 0.961538 1.04 

