Точки Максимума:
0.395843 0.381102 0.416948 0.375787 0.306497 

Позиции Максимума:
6 33 61 89 116 

Точки Ммнимума:
0.071638 0.0242364 0.086048 0.0614767 0.305023 

Позиции Минимума:
17 45 73 100 118 

Точки амлитуды:
0.324205 0.309464 0.356865 0.392712 0.3309 0.289739 0.31431 0.24502 0.0014736 

Время j-го шага:
11 16 12 16 12 16 11 16 2 

Точки амплитуды/2:
0.162102 0.154732 0.178433 0.196356 0.16545 0.14487 0.157155 0.12251 0.000736801 

Точки максимума и минимума:
0.395843 0.071638 0.381102 0.0242364 0.416948 0.086048 0.375787 0.0614767 0.306497 0.305023 

Позиции максимума и минимума:
6 17 33 45 61 73 89 100 116 118 

Дельта амплитуды:
0.954531 1.15317 1.10045 0.842603 0.875609 1.0848 0.779548 0.0060142 

Точка Сигма:
0.162282 0.14617 0.225405 0.17347 0.208065 0.138998 0.173728 0.115297 0.305677 

Позиция Сигма:
12 24 37 54 66 79 94 107 117 

Дельта Сигма:
0.900714 1.54208 0.76959 1.19943 0.66805 1.24986 0.663663 2.65122 

Темп:
0.0294732 0.0193415 0.0297388 0.0245445 0.027575 0.0181087 0.0285737 0.0153138 0.000736801 

Дельта темпа:
1.52383 0.650379 1.21163 0.890099 1.52275 0.633755 1.86588 20.7841 

Средняя скорость движения (300/167):
2.67857 

Частота:
0.0892857 

Средняя длина шага:
30 

Изменение времени между шагами:
1.45455 0.75 1.33333 0.75 1.33333 0.6875 1.45455 0.125 

Время двойного шага:
27 28 28 28 28 27 27 18 

Изменение двойного шага:
1.03704 1 1 1 0.964286 1 0.666667 

