Точки Максимума:
9.59227 10.0072 9.60519 9.75375 9.48089 

Позиции Максимума:
42 87 134 178 221 

Точки Ммнимума:
-9.22488 -9.40861 -10.2484 -10.0117 -9.37495 -9.73874 

Позиции Минимума:
20 65 109 156 200 244 

Точки амлитуды:
18.8171 19.0009 19.4158 20.2555 19.8535 19.6169 19.7655 19.1287 18.8558 19.2196 

Время j-го шага:
22 23 22 22 25 22 22 22 21 23 

Точки амплитуды/2:
9.40857 9.50044 9.70789 10.1278 9.92677 9.80845 9.88273 9.56435 9.42792 9.60981 

Точки максимума и минимума:
-9.22488 9.59227 -9.40861 10.0072 -10.2484 9.60519 -10.0117 9.75375 -9.37495 9.48089 -9.73874 

Позиции максимума и минимума:
20 42 65 87 109 134 156 178 200 221 244 

Дельта амплитуды:
1.00976 1.02184 1.04325 0.980155 0.98808 1.00757 0.967785 0.985736 1.01929 

Точка Сигма:
9.19738 9.50432 9.50735 9.50735 9.46852 9.46852 9.63156 9.75375 9.08611 9.08611 

Позиция Сигма:
40 43 85 85 133 133 177 178 220 220 

Дельта Сигма:
1.03337 1.00032 1 0.995915 1 1.01722 1.01269 0.931551 1 

Темп:
0.855325 0.826125 0.882536 0.920706 0.794142 0.891677 0.89843 0.869486 0.897897 0.835636 

Дельта темпа:
1.03535 0.936081 0.958543 1.15937 0.890616 0.992484 1.03329 0.968359 1.07451 

Средняя скорость движения:
1.33929 

Частота:
0.0491071 

Средняя длина шага:
27.2727 

Изменение времени между шагами:
1.04545 0.956522 1 1.13636 0.88 1 1 0.954545 1.09524 

Время двойного шага:
45 45 44 47 47 44 44 43 44 

Изменение двойного шага:
1 0.977778 1.06818 1 0.93617 1 0.977273 1.02326 

Точки Максимума:
13.2374 12.3249 8.93389 10.5589 

Позиции Максимума:
19 79 135 206 

Точки Ммнимума:
-11.4797 -8.30143 -12.1385 -5.94031 -10.5271 -11.6085 

Позиции Минимума:
50 103 114 164 175 232 

Точки амлитуды:
24.7171 23.8046 20.6264 3.83708 21.0724 14.8742 4.58674 21.0859 22.1674 

Время j-го шага:
31 29 24 11 21 29 11 31 26 

Точки амплитуды/2:
12.3585 11.9023 10.3132 1.91854 10.5362 7.4371 2.29337 10.543 11.0837 

Точки максимума и минимума:
13.2374 -11.4797 12.3249 -8.30143 -12.1385 8.93389 -5.94031 -10.5271 10.5589 -11.6085 

Позиции максимума и минимума:
19 50 79 103 114 135 164 175 206 232 

Дельта амплитуды:
0.963083 0.866487 0.186028 5.49178 0.705862 0.308369 4.59715 1.05129 

Точка Сигма:
12.6838 11.6845 11.2751 11.2751 7.7279 8.73778 8.73778 10.529 10.529 

Позиция Сигма:
20 77 81 81 134 145 145 205 205 

Дельта Сигма:
0.921213 0.964959 1 0.685397 1.13068 1 1.20499 1 

Темп:
0.797325 0.820848 0.859432 0.348825 1.00345 0.512904 0.416976 0.680192 0.852592 

Дельта темпа:
0.971343 0.955105 2.46379 0.347627 1.95641 1.23005 0.613027 0.797793 

Средняя скорость движения:
1.40845 

Частота:
0.0469484 

Средняя длина шага:
30 

Изменение времени между шагами:
0.935484 0.827586 0.458333 1.90909 1.38095 0.37931 2.81818 0.83871 

Время двойного шага:
60 53 35 32 50 40 42 57 

Изменение двойного шага:
0.883333 0.660377 0.914286 1.5625 0.8 1.05 1.35714 

