2.9552
5.64642
7.83327
9.32039
9.97495
9.73848
8.63209
6.75463
4.2738
1.4112
-1.57746
-4.4252
-6.87766
-8.71576
-9.7753
-9.96165
-9.25815
-7.72764
-5.50686
-2.79415
0.16814
3.11541
5.7844
7.93668
9.38
9.98543
9.6989
8.54599
6.62969
4.12118
1.24454
-1.74327
-4.57536
-6.99875
-8.79696
-9.80936
-9.94553
-9.19329
-7.61984
-5.36573
-2.63232
0.33623
3.27474
5.92074
8.03784
9.43696
9.99309
9.65658
8.45747
6.50288
3.96741
1.07754
-1.90859
-4.72422
-7.11785
-8.87567
-9.84065
-9.92659
-9.12582
-7.50987
-5.22309
-2.46974
0.50423
3.43315
6.0554
8.13674
9.49125
9.99793
9.61153
8.36656
6.37423
3.8125
0.91022
-2.07336
-4.87175
-7.23495
-8.95187
-9.86916
-9.90486
-9.05578
-7.39779
-5.07897
-2.30646
0.67208
3.59058
6.18835
8.23333
9.54285
9.99994
9.56376
8.27328
6.24377
3.65653
0.74265
-2.23756
-5.01789
-7.35
-9.02555
-9.89487