0.99833
1.98669
2.9552
3.89418
4.79426
5.64642
6.44218
7.17356
7.83327
8.41471
8.91207
9.32039
9.63558
9.8545
9.97495
9.99574
9.91665
9.73848
9.463
9.09297
8.63209
8.08496
7.45705
6.75463
5.98472
5.15501
4.2738
3.34988
2.39249
1.4112
0.41581
-0.58374
-1.57746
-2.55541
-3.50783
-4.4252
-5.29836
-6.11858
-6.87766
-7.56802
-8.18277
-8.71576
-9.16166
-9.51602
-9.7753
-9.93691
-9.99923
-9.96165
-9.82453
-9.58924
-9.25815
-8.83455
-8.32267
-7.72764
-7.0554
-6.31267
-5.50686
-4.64602
-3.73877
-2.79415
-1.82163
-0.83089
0.16814
1.16549
2.1512
3.11541
4.0485
4.94113
5.7844
6.56987
7.28969
7.93668
8.50437
8.98708
9.38
9.6792
9.88168
9.98543
9.98941
9.89358
9.6989
9.40731
9.02172
8.54599
7.98487
7.34397
6.62969
5.84917
5.01021
4.12118
3.19098
2.2289
1.24454
0.24775
-0.75151
-1.74327
-2.71761
-3.66479
-4.57536
-5.44021
-6.25071
-6.99875
-7.67686
-8.27826
-8.79696
-9.22775
-9.56635
-9.80936
-9.95436
-9.9999
-9.94553
-9.79178
-9.54019
-9.19329
-8.75452
-8.22829
-7.61984
-6.93525
-6.18137
-5.36573
-4.49647
-3.58229
-2.63232
-1.65604
-0.66322
0.33623
1.33232
2.3151
3.27474
4.20167
5.08661
5.92074
6.6957
7.40376
8.03784
8.59162
9.05955
9.43696
9.72008
9.90607
9.99309
9.98027
9.86772
9.65658
9.34895
8.94791
8.45747
7.88252
7.22881
6.50288
5.71197
4.86399
3.96741
3.03118
2.06467
1.07754
0.07963
-0.91907
-1.90859
-2.87903
-3.82071
-4.72422
-5.58052
-6.38107
-7.11785
-7.78352
-8.37142
-8.87567
-9.29124
-9.61397
-9.84065
-9.969
-9.99774
-9.92659
-9.75626
-9.48844
-9.12582
-8.67202
-8.13157
-7.50987
-6.81314
-6.04833
-5.22309
-4.34566
-3.42481
-2.46974
-1.48999
-0.49536
0.50423
1.49877
2.47834
3.43315
4.35365
5.23066
6.0554
6.81964
7.51573
8.13674
8.67644
9.12945
9.49125
9.75821
9.92766
9.99793
9.9683
9.83907
9.61153
9.28795
8.87158
8.36656
7.77794
7.11161
6.37423
5.57315
4.71639
3.8125
2.87053
1.89987
0.91022
-0.08851
-1.08637
-2.07336
-3.03965
-3.97556
-4.87175
-5.71926
-6.50962
-7.23495
-7.88798
-8.4622
-8.95187
-9.3521
-9.65888
-9.86916
-9.98082
-9.99276
-9.90486
-9.71798
-9.43401
-9.05578
-8.58707
-8.03256
-7.39779
-6.6891
-5.91358
-5.07897
-4.19361
-3.26635
-2.30646
-1.32352
-0.32735
0.67208
1.6648
2.64089
3.59058
4.50441
5.37322
6.18835
6.94165
7.62558
8.23333
8.75881
9.19678
9.54285
9.79358
9.94645
9.99994
9.95351
9.80763
9.56376
9.22433
8.79273
8.27328
7.67116
6.9924
6.24377
5.43276
4.56746
3.65653
2.70906
1.73452
0.74265
-0.25663
-1.25336
-2.23756
-3.1994
-4.12928
-5.01789
-5.85637
-6.63634
-7.35
-7.99021
-8.5506
-9.02555
-9.41031
-9.70106
-9.89487
-9.98982
-9.98495
-9.88032