0,58966
1,17726
1,76077
2,33815
2,9074
3,46653
4,01359
4,54669
5,06396
5,56361
6,0439
6,50316
6,93978
7,35226
7,73915
8,09911
8,43088
8,73331
9,00536
9,24606
9,45459
9,63021
9,77232
9,88043
9,95415
9,99323
9,99754
9,96705
9,90188
9,80224
9,6685
9,50111
9,30066
9,06784
8,80347
8,50846
8,18384
7,83074
7,45039
7,04411
6,61332
6,15951
5,68427
5,18925
4,67617
4,14681
3,60303
3,04671
2,47978
1,90423
1,32204
0,73526
0,14592
-0,44393
-1,03223
-1,61694
-2,19603
-2,76747
-3,32928
-3,87951
-4,41623
-4,93759
-5,44177
-5,927
-6,39161
-6,83398
-7,25257
-7,64592
-8,01265
-8,35151
-8,6613
-8,94095
-9,18949
-9,40605
-9,58987
-9,74032
-9,85688
-9,93913
-9,9868
-9,99971
-9,97782
-9,92121
-9,83008
-9,70473
-9,54562
-9,35328
-9,1284
-8,87174
-8,58422
-8,26682
-7,92066
-7,54693
-7,14693
-6,72207
-6,27381
-5,80372
-5,31343
-4,80465
-4,27916
-3,73877
-3,18537
-2,62088
-2,04728
-1,46654
-0,88071
-0,29181
0,2981
0,88698
1,47277
2,05344
2,62695
3,19133
3,7446
4,28484
4,81017
5,31876
5,80884
6,27871
6,72673
7,15133
7,55105
7,9245
8,27036
8,58745
8,87465
9,13096
9,35551
9,54749
9,70625
9,83123
9,922
9,97824
9,99976
9,98647
9,93844
9,85582
9,7389
9,58809
9,40391
9,18701
8,93813
8,65816
8,34805
8,00889
7,64186
7,24823
6,82939
6,38677
5,92193
5,43648
4,93212
4,41059
3,87371
3,32335
2,76142
2,18989
1,61073
1,02597
0,43764
-0,15221
-0,74154
-1,32828
-1,9104
-2,48588
-3,0527
-3,6089
-4,15254
-4,68173
-5,19463
-5,68945
-6,16447
-6,61804
-7,04857
-7,45458
-7,83465
-8,18745
-8,51176
-8,80645
-9,07049
-9,30297
-9,50307
-9,67011
-9,80349
-9,90275
-9,96756
-9,99767
-9,993
-9,95355
-9,87946
-9,77099
-9,62851
-9,45254
-9,24366
-9,00262
-8,73025
-8,42749
-8,09541
-7,73516
-7,34799
-6,93525
-6,49837
-6,03888
-5,55838
-5,05853
-4,54108
-4,00782
-3,46062
-2,90138
-2,33203
-1,75458
-1,17101
-0,58337
0,00629
0,59594
1,18351
1,76697
2,34427
2,91342
3,47243
4,01935
4,55229
5,06939
5,56884
6,04891
6,50794
6,94431
7,35652
7,74313
8,1028
8,43426
8,73638
9,00809
9,24846
9,45664
9,63191
9,77366
9,8814
9,95475
9,99346
9,99739
9,96654
9,90099
9,801
9,66689
9,49915
9,29835
9,06519
8,80048
8,50515
8,18022
7,82682
7,44619
7,03964
6,60859
6,15455
5,67909
5,18387
4,6706
4,14109
3,59716
3,04071
2,47368
1,89805
1,31581
0,72899
0,13963
-0,45022
-1,03849
-1,62315
-2,20217
-2,77352
-3,33522
-3,88531
-4,42188
-4,94306
-5,44705
-5,93207
-6,39645
-6,83858
-7,2569
-7,64997
-8,01642
-8,35497
-8,66445
-8,94377
-9,19197
-9,40818
-9,59165
-9,74175
-9,85794
-9,93982
-9,98712
-9,99966
-9,9774
-9,92042
-9,82892
-9,70321
-9,54374
-9,35105
-9,12582
-8,86884
-8,58099
-8,26328
-7,91681
-7,54279
-7,14253
-6,71741
-6,26891
-5,79859
-5,3081
-4,79913
-4,27347
-3,73293
-3,1794
-2,61481
-2,04111
-1,46032
-0,87444
-0,28552
0,30439
0,89325
1,479
2,05959
2,63303
3,1973
3,75044
4,29053
4,81569
5,32409
5,81397
6,28361
6,73138
7,15573
7,55518
7,92833
8,2739
8,59067
8,87755
9,13353
9,35773
9,54936
9,70776
9,83238
9,92278
9,97865
9,9998
9,98614
9,93774
9,85475
9,73747
9,5863
9,40177
9,18452
8,93531
8,655
8,34458
8,00512
7,6378
7,2439
6,82479
6,38193
5,91686
5,4312
4,92664
4,40494
3,8679
3,31741
2,75537
2,18375
1,60452
1,01971
0,43135
-0,15851
-0,74782
-1,33452
-1,91658
-2,49197
-3,05869
-3,61477
-4,15827
-4,68729
-5,2
-5,69462
-6,16942
-6,62275
-7,05304
-7,45878
-7,83856
-8,19106
-8,51506
-8,80943
-9,07314
-9,30528
-9,50503
-9,67171
-9,80473
-9,90363
-9,96806
-9,99781
-9,99276
-9,95294
-9,87848
-9,76965
-9,62681
-9,45048
-9,24126
-8,99988
-8,72718
-8,4241
-8,09172
-7,73117
-7,34372
-6,93072
-6,49359
-6,03387
-5,55315
-5,0531
-4,53547
-4,00206
-3,45472
-2,89535
-2,32591
-1,74838
-1,16476
-0,57709
0,01259
0,60222
1,18976
1,77316
2,35039
2,91944
3,47833
4,02512
4,55789
5,07481
5,57407
6,05392
6,51271
6,94884
7,36079
7,74712
8,10648
8,43764
8,73944
9,01082
9,25085
9,45868
9,6336
9,77499
9,88236
9,95535
9,99369
9,99725
9,96602
9,90011
9,79975
9,66528
9,49718
9,29603
9,06253
8,79749
8,50184
8,1766
7,8229
7,44198
7,03517
6,60387
6,14959
5,67391
5,17848
4,66504
4,13536
3,59128
3,03472
2,46758
1,89187
1,30957
0,72271
0,13333
-0,4565
-1,04475
-1,62936
-2,20831
-2,77956
-3,34115
-3,89111
-4,42752
-4,94853
-5,45232
-5,93714
-6,40129
-6,84317
-7,26123
-7,65402
-8,02018
-8,35843
-8,66759
-8,94658
-9,19445
-9,41031